200 PA4-D-Debug-Output.txt
   -5.87    13.66    53.48        -4.90    13.05    53.43     1.142
   -0.20   -16.61   -34.46        -0.46   -15.73   -35.24     1.205
   -5.50   -23.18   -15.18        -5.85   -22.96   -14.50     0.796
   38.73     2.49   -10.75        38.91     2.99   -11.35     0.800
  -11.11    -1.05    15.26       -10.17    -3.25    14.26     2.590
    3.13     4.99    63.64         2.52     6.09    63.52     1.263
  -24.51    11.39   -22.03       -23.60    11.66   -20.32     1.956
  -42.26    -3.59   -20.96       -42.44    -3.52   -20.93     0.198
   21.34   -16.72   -11.66        21.34   -16.71   -11.66     0.011
   -7.97     4.03    36.31        -7.23     4.95    34.60     2.088
  -12.41   -25.32   -41.56       -12.55   -25.79   -40.86     0.855
    2.30    -7.26    57.40         1.59    -7.04    57.85     0.860
   34.78    -3.49    10.29        34.62    -3.91     9.51     0.896
    6.88    -4.53   -22.63         7.93    -5.07   -22.62     1.180
   -2.44    -5.90   -34.39        -3.09    -5.57   -33.80     0.939
   33.81    -5.04     8.87        34.33    -4.26     9.46     1.104
   21.39    14.28    40.19        22.08    14.70    40.84     1.039
   28.57    -5.40   -25.11        27.64    -4.48   -25.96     1.566
  -40.12   -19.51   -32.17       -40.23   -19.52   -32.20     0.119
  -30.00   -30.29   -31.36       -30.03   -30.35   -31.37     0.072
   25.80     7.19    29.81        26.39     7.24    29.97     0.611
  -33.72     0.94   -13.33       -34.30     2.02   -13.10     1.254
   -7.06    -5.23    25.76        -6.44    -4.33    26.75     1.477
   27.56    22.62     0.39        27.68    22.76     0.41     0.187
   26.69     3.17    26.61        27.16     3.12    26.76     0.497
  -35.20   -20.65   -12.54       -35.37   -19.93   -11.73     1.092
   25.67    -1.15   -27.45        24.07    -1.91   -27.14     1.795
  -36.10     6.04   -26.42       -37.12     5.39   -26.58     1.221
    5.49    -6.92    50.11         5.40    -7.08    51.18     1.085
    2.64    -5.19   -25.44         2.30    -4.20   -25.44     1.046
  -24.67   -31.63   -33.43       -24.66   -31.59   -33.41     0.042
   -0.20     5.76   -20.57        -0.19     5.78   -20.58     0.028
  -15.99    17.53    19.99       -15.61    18.17    20.91     1.179
  -15.60    -2.18     4.28       -15.99    -3.57     2.83     2.052
   22.74   -14.94    -6.02        22.19   -14.68    -5.06     1.139
  -30.49     9.30   -21.44       -30.53     9.41   -21.41     0.125
    0.76    18.48    56.08         0.60    17.99    55.53     0.759
   35.00    -1.25   -20.36        35.29    -0.49   -20.41     0.816
   -0.64   -10.96   -35.05        -0.71   -12.69   -35.07     1.729
  -38.22   -14.11   -41.09       -38.55   -12.54   -41.22     1.607
   24.40    -9.24     4.61        24.64    -8.22     6.21     1.912
   24.38     0.99    31.36        25.45     2.43    32.85     2.335
   24.18    -5.50    17.08        24.21    -5.04    18.25     1.257
  -42.53   -16.70   -26.08       -43.00   -16.25   -25.36     0.964
  -37.85    -4.60   -40.76       -38.10    -4.65   -40.70     0.257
  -38.37   -18.93   -15.29       -38.87   -18.22   -14.74     1.022
   20.01    18.28    34.90        20.39    18.86    35.26     0.781
  -41.92    -7.54   -18.11       -42.68    -8.79   -18.42     1.499
  -21.11   -18.90    -6.65       -20.55   -19.86    -6.56     1.107
   37.85    11.19    -3.05        37.62    12.53    -2.38     1.516
   13.33    18.99   -29.72        13.22    19.41   -30.38     0.784
   14.34    22.20    34.90        14.10    22.07    35.16     0.371
    6.66    19.19    -5.01         6.39    19.70    -4.64     0.687
   18.52    24.86    10.56        18.55    24.97    10.58     0.112
  -21.95     4.01   -43.61       -21.98     3.83   -43.39     0.289
   17.84    -7.53   -22.05        17.13    -8.54   -21.88     1.246
   -7.61     1.64    42.48        -6.51     1.84    44.19     2.033
   -7.20    20.08    14.30        -6.24    20.80    14.71     1.268
  -13.41   -31.39   -26.00       -13.24   -31.34   -27.40     1.419
   33.54    -7.09   -11.24        34.63    -5.69   -11.78     1.859
   25.22    14.28    25.17        25.60    14.48    25.30     0.451
   16.45    16.99    56.69        17.80    17.01    56.01     1.506
   21.27    -9.40   -22.30        20.15    -9.64   -21.97     1.189
   22.70    -2.03    31.35        22.25    -2.75    32.60     1.511
    5.73    18.57    -3.60         5.91    19.67    -3.50     1.114
  -34.72     6.61   -30.83       -33.59     7.61   -30.88     1.505
   -6.52   -10.66     6.60        -5.90   -10.69     6.67     0.618
   -9.63    24.68    22.48        -9.51    25.00    23.87     1.435
   17.66    -9.84   -20.51        17.67   -10.18   -20.63     0.365
  -33.43   -27.95   -21.04       -33.53   -28.11   -21.01     0.189
   23.66    10.47    36.28        24.33    10.66    36.92     0.940
  -15.29    14.65    19.21       -16.17    14.72    21.20     2.176
   37.73    10.51    -5.83        38.04    10.67    -5.89     0.358
   18.52   -14.09   -17.05        18.49   -14.28   -17.25     0.277
   24.84    -7.01    11.57        24.00    -6.38    12.46     1.378
   -8.13     3.33    53.49        -6.82     3.44    53.40     1.327
   -6.22     8.45    -8.10        -6.22     8.47    -8.08     0.026
   34.82    15.52    -7.98        34.84    15.51    -6.85     1.134
   31.29     0.82   -26.33        31.42     2.15   -26.50     1.348
  -16.77     2.88    -6.74       -16.45     4.09    -9.10     2.676
  -11.80     9.53   -28.50       -12.37     9.98   -26.78     1.871
    4.06     2.05   -21.23         5.13     0.62   -21.94     1.926
  -20.35     2.10   -44.94       -20.21     1.93   -44.75     0.290
   16.48   -11.61   -18.65        16.43   -11.80   -18.87     0.294
  -39.09   -20.74   -33.90       -39.98   -20.27   -32.72     1.555
   -8.74   -29.26   -26.12        -8.81   -29.16   -26.14     0.125
    9.22    -6.44    35.99         9.21    -6.57    36.30     0.330
  -21.16    10.07   -19.02       -20.36     8.31   -17.33     2.567
   -2.13   -21.93   -33.74        -2.29   -22.07   -33.38     0.415
   -7.92    -3.19   -43.24        -8.38    -2.59   -42.82     0.871
  -18.57    12.02   -25.22       -18.49    11.86   -24.15     1.088
   35.18    14.86    -6.59        34.84    15.51    -6.85     0.776
   36.99    -2.03     7.70        37.17    -1.77     7.84     0.342
   -2.07     0.47   -27.21        -1.39    -0.10   -26.34     1.244
   10.45    18.86    62.90        10.69    18.45    62.70     0.513
    7.48    19.90    -5.92         7.24    19.90    -5.96     0.246
  -30.48   -29.14   -34.35       -29.56   -29.37   -35.02     1.158
   17.16    21.03    36.94        16.92    21.31    37.86     0.984
  -35.54     2.20   -38.44       -35.52     2.17   -38.42     0.051
   -4.29   -20.15   -11.23        -5.44   -20.25   -10.74     1.257
   21.13    16.51    34.93        21.56    17.02    35.04     0.680
    0.94    -5.59   -27.26         0.65    -4.76   -26.93     0.938
   34.90    -4.55     5.82        35.03    -4.48     6.66     0.852
   -6.40     8.85    -4.28        -6.94     8.83    -3.32     1.110
  -10.51     7.99   -14.02       -12.50     7.92   -15.43     2.447
   -6.07    18.22    42.02        -5.82    17.93    41.44     0.693
   -4.32    14.99    59.85        -3.55    14.31    59.77     1.035
  -19.31    -6.26   -48.95       -19.27    -5.31   -48.46     1.071
  -17.66   -14.15   -48.88       -16.76   -14.50   -48.42     1.067
   -8.08    24.97    27.89        -8.16    24.93    28.03     0.166
   20.25    25.24   -20.18        20.28    25.29   -20.18     0.056
  -20.38     7.39   -39.83       -19.94     7.15   -39.68     0.521
   11.33    23.07    27.65        12.93    23.11    27.39     1.620
   -4.28   -10.10    12.71        -6.21    -9.21    11.37     2.506
   12.96   -10.51     9.57        13.25   -10.02    10.37     0.984
   33.07    -5.90    -0.56        32.94    -6.33    -0.37     0.486
   22.39    17.00    29.51        22.26    17.71    31.11     1.752
    3.97     2.07   -21.27         5.06     0.59   -21.99     1.975
  -25.53   -31.79   -32.34       -25.55   -31.76   -32.63     0.296
   -1.03   -19.44   -13.12        -1.70   -19.82   -13.11     0.764
   19.81    20.95    26.42        19.96    21.23    26.48     0.330
    0.81   -17.25    -7.97        -1.27   -17.55    -8.18     2.113
   34.25    12.75   -17.27        34.71    12.60   -16.66     0.781
   16.22    -7.88   -21.54        17.13    -8.54   -21.88     1.168
  -17.04    -1.93     0.95       -16.18     0.50     1.29     2.603
   -7.96     4.45    38.60        -7.05     5.30    38.71     1.242
   -8.57     9.77    39.17        -7.42    10.04    40.20     1.576
  -41.62   -13.23   -17.85       -42.14   -12.67   -17.77     0.767
   24.45   -14.98   -12.75        24.32   -14.81   -12.06     0.722
   20.19    -6.18    19.71        20.47    -6.09    19.83     0.316
    6.25    21.20    39.26         6.24    21.08    39.23     0.125
   18.05    -0.78    55.93        17.78    -2.48    57.25     2.172
   14.00    21.39    45.86        14.19    21.76    47.74     1.926
   -2.16    19.77    42.34        -2.07    19.46    42.28     0.332
   33.94    13.62    10.72        33.68    13.84    10.85     0.365
  -14.38    23.16    26.73       -14.15    22.67    26.88     0.560
  -14.18    23.30    26.00       -13.84    22.93    26.01     0.502
    0.44    16.97     3.76         1.29    17.39     3.41     1.008
  -21.49    12.33   -27.02       -20.54    12.44   -27.15     0.968
    6.27    -8.34    20.10         5.70    -8.43    20.87     0.962
  -12.39     7.53    19.90       -11.97     8.87    19.74     1.413
   -5.95    15.81    10.42        -6.27    15.50    11.24     0.939
   17.32     6.79   -23.40        16.56     8.60   -22.72     2.074
  -31.31   -28.51   -34.64       -29.95   -28.93   -35.69     1.768
  -14.66    -4.16     4.95       -13.53    -3.43     6.90     2.368
  -17.91   -29.88   -37.47       -16.60   -29.39   -37.52     1.396
   -1.92    18.84     8.90        -2.08    19.22     9.67     0.870
   17.57    21.21    33.06        17.37    21.56    34.22     1.236
    0.60    13.49    -2.19        -1.61    12.69    -1.17     2.559
   30.93     2.38   -27.17        31.14     2.39   -26.98     0.286
   28.84   -10.84   -19.18        28.86   -10.87   -19.19     0.032
   -9.33    24.68    22.51        -9.46    25.00    23.87     1.407
   -1.68    17.66     7.34        -1.92    17.18     7.58     0.586
   13.30    -6.72    24.97        13.68    -6.69    24.56     0.554
   31.51    -9.24   -16.82        31.33    -9.39   -15.74     1.103
    6.11     1.55    63.63         6.08     2.89    63.37     1.366
   20.55     7.51    55.85        21.69     7.00    57.81     2.323
   -4.65    15.25     8.36        -5.24    15.12     8.99     0.876
   -4.25    -9.38    18.18        -4.77    -8.88    18.60     0.836
    3.31   -12.60     4.81         1.58   -12.01     5.74     2.051
  -37.68   -21.02   -16.15       -37.73   -20.35   -15.04     1.298
    6.41    25.00    10.80         4.87    24.57     9.85     1.858
   -4.50    15.36    53.47        -3.78    14.67    53.43     0.997
  -34.61     6.31   -31.90       -33.59     7.61   -30.88     1.947
  -13.89     9.81   -33.83       -14.19     9.76   -33.62     0.372
   -8.13    -1.60    29.46        -6.92    -3.09    30.26     2.085
   20.98     4.06    50.94        21.87     3.27    51.81     1.470
   21.48     2.36    45.65        22.33     2.00    45.84     0.950
   -4.92    15.58     8.97        -5.24    15.12     8.99     0.564
  -38.94   -10.89   -40.48       -39.44    -9.38   -40.52     1.594
   -9.74     6.87    29.70        -8.54     7.23    31.37     2.091
  -33.57   -14.56    -8.43       -33.83   -15.94    -8.24     1.414
    8.50    15.85    63.51         8.92    17.18    63.23     1.421
   19.24     3.08   -23.81        18.83     2.99   -24.11     0.520
  -21.66    12.27   -26.50       -20.46    12.35   -26.67     1.215
  -37.97     4.20   -25.25       -38.11     4.33   -25.23     0.189
  -31.02   -28.04   -36.12       -29.96   -28.92   -35.71     1.443
  -33.90   -14.16    -8.45       -34.17   -12.67    -7.73     1.680
  -17.04    16.19    22.44       -16.50    16.58    22.44     0.668
   28.86    -8.33     5.92        28.82    -8.07     5.84     0.274
  -37.50   -14.43   -11.51       -37.81   -12.95   -11.34     1.525
   28.92    10.08    20.04        29.28    10.18    19.92     0.400
   34.57    -0.57   -21.28        35.10    -0.45   -21.05     0.586
  -18.67   -18.29   -47.70       -19.84   -16.29   -48.22     2.375
  -11.59    24.39    28.14       -13.40    23.38    28.08     2.072
  -23.05   -19.38    -6.78       -23.36   -20.26    -6.77     0.930
   24.43    -8.14     7.86        23.98    -7.38     9.15     1.558
   -0.72   -17.04   -35.35        -1.38   -17.37   -35.73     0.830
   28.17     9.43   -29.21        28.40     9.61   -29.69     0.563
    9.52    21.65    41.50         9.54    21.49    41.46     0.172
   27.25    22.01     7.94        27.24    21.99     8.93     0.987
    0.06    16.85     3.98        -1.06    16.20     4.35     1.334
   13.33    -4.67    60.08        12.84    -5.94    61.78     2.176
   30.73   -10.39   -15.27        30.23   -10.74   -14.86     0.734
  -12.41     2.78   -43.02       -13.06     2.75   -43.01     0.656
  -31.39   -10.68   -47.05       -30.63    -8.92   -47.40     1.952
   -9.21     9.83    36.89        -7.89     9.51    37.49     1.485
  -36.75   -19.38   -13.07       -36.94   -19.47   -12.95     0.237
   27.94     4.65    23.52        28.45     5.99    23.64     1.439
    3.52    23.13    27.61         5.20    22.84    28.59     1.959
