200 PA4-E-Debug-Output.txt
   29.79     6.79   -29.98         3.571
    8.97     4.67   -14.63         3.284
   -5.12    -8.76    57.58         1.652
    0.33     7.80    45.18         1.959
   -7.82    -6.38    25.65         2.371
  -20.66   -38.06   -29.99         3.834
   -3.04   -25.26   -40.84         3.963
   21.73   -20.08    -7.55         3.015
  -18.86     6.69   -32.37         3.851
   -9.56     3.36    17.93         2.586
   29.85     3.74    20.92         2.354
   32.80    13.78   -19.36         3.340
  -23.24    -6.11   -12.83         3.365
   13.78   -16.22    35.15         2.052
   -5.87   -21.09    -4.31         3.078
   34.36    11.22    -2.75         2.926
   17.41    20.37    -4.04         3.088
   15.11     5.21   -18.02         3.341
   -9.62    -6.49    12.85         2.680
   13.54     5.52   -13.72         3.245
   24.75   -19.87   -13.64         3.147
  -14.96   -20.02    -6.65         3.179
  -40.19   -23.17   -25.38         3.772
   33.12     6.65    14.89         2.495
   22.89    19.66     0.14         2.965
   24.92   -13.01    25.88         2.210
   21.13   -15.86    12.27         2.543
   -8.63     5.09   -23.71         3.586
   -7.12     0.62   -32.06         3.771
   -0.35   -19.40   -38.67         3.887
   26.52    14.57    10.61         2.672
  -31.67   -31.35   -20.61         3.637
  -37.31    -1.26   -22.42         3.675
  -42.15    -7.88   -26.91         3.803
  -25.18   -18.03   -49.91         4.291
   13.70    19.58   -11.63         3.274
   19.72    19.62   -10.80         3.230
    0.58   -15.51    42.42         1.951
   28.03     5.04   -32.50         3.633
   27.49    15.77     3.80         2.833
   -2.82   -17.06    50.55         1.793
  -12.32     7.72    25.98         2.431
  -20.81   -16.14   -50.18         4.274
   26.42   -19.24   -20.97         3.317
   -6.25   -10.52   -46.18         4.100
  -20.81     6.47   -35.90         3.946
  -14.38   -33.40   -17.66         3.482
  -35.40   -17.47   -12.06         3.410
   38.69     6.30     0.65         2.799
  -20.83   -16.80    -6.79         3.207
  -27.15   -36.18   -33.95         3.956
   35.45    -3.82   -24.81         3.382
  -16.16     3.86   -21.57         3.565
   35.37    10.73   -11.22         3.118
    8.61   -18.60   -24.82         3.500
   34.69     8.46     8.77         2.640
   13.93    20.42     4.57         2.903
  -40.35   -21.05   -30.88         3.903
   -4.22     9.22    11.23         2.747
   13.75   -17.04    16.13         2.488
   41.24    -2.82    -6.82         2.924
   34.45   -15.59     2.55         2.709
   11.40   -16.88    47.90         1.785
   22.22    -7.14   -27.32         3.499
    2.38     9.36     3.57         2.900
   14.24   -18.89    57.18         1.586
  -39.70   -16.03   -33.02         3.945
    9.53    14.58    26.17         2.387
  -25.24   -36.58   -23.14         3.686
   20.10     6.91    51.86         1.749
    7.93   -18.24   -25.75         3.526
   -5.77   -24.73   -44.77         4.073
    1.81   -16.71    25.18         2.335
   33.90    -3.94    11.60         2.518
   -3.99   -14.41    46.84         1.874
  -32.34   -12.81   -10.16         3.344
  -38.58   -27.00   -24.80         3.760
  -33.66    -0.95   -22.24         3.653
   36.87     0.97   -21.21         3.303
  -10.83     0.85    19.65         2.542
   18.59    11.87    29.67         2.256
    0.95   -16.19    49.79         1.791
    2.62   -13.02    61.04         1.550
   13.88    12.03    27.36         2.325
  -42.85   -17.19   -27.29         3.822
   26.14    10.36   -29.97         3.604
   19.16   -16.02   -23.56         3.415
   29.49   -10.59    15.63         2.428
   29.69    -7.69    24.06         2.238
  -17.78   -17.10    -5.80         3.168
   -5.61     3.30     7.26         2.820
  -24.14   -34.69   -16.21         3.505
   -8.32     1.85     7.93         2.811
   11.86    15.74    21.13         2.500
   34.39     5.62    11.90         2.552
    8.22   -16.39    31.66         2.156
  -21.08    -7.20   -10.11         3.287
  -16.27    -8.39    -1.15         3.046
  -38.88    -2.16   -30.13         3.871
   24.02    10.64    22.12         2.394
  -16.94   -34.41   -40.62         4.057
   14.82   -14.45    11.32         2.595
   -2.01   -22.31    -7.99         3.150
  -38.71    -2.37   -29.14         3.845
    7.66   -19.05   -22.33         3.444
   19.96     9.93    37.26         2.073
   30.67     7.56    14.37         2.522
   -2.81    -2.41    61.78         1.575
   21.33    -2.11    61.16         1.506
    3.80     9.64    40.93         2.050
  -31.07   -14.96   -48.26         4.278
  -16.22    -6.16    -4.05         3.118
   -3.34   -11.99    31.04         2.222
   39.42    -3.03   -16.72         3.170
   10.19     9.06    36.16         2.125
  -28.86   -33.78   -19.84         3.614
  -10.36    -8.57     9.44         2.763
   11.49   -18.14   -22.51         3.428
    3.07     5.47   -11.57         3.240
   22.01     7.98    32.86         2.146
   -1.49   -18.48    -0.46         2.959
  -26.46   -31.79   -14.88         3.473
    9.09   -17.33    60.35         1.542
  -31.71     0.21   -19.79         3.586
   -6.47    11.63    36.86         2.189
   20.82   -20.99    -5.70         2.976
   32.69   -12.87     2.12         2.729
   25.11    -7.07    30.75         2.108
   -2.92    -1.35    44.53         1.937
   27.14    17.07    -7.79         3.112
  -36.43   -26.87   -36.67         4.039
   10.20    16.99    19.43         2.554
   -2.98   -27.70   -20.52         3.471
   11.35     8.47   -12.39         3.236
  -24.71   -33.87   -18.68         3.564
  -29.71   -31.92   -18.89         3.587
   26.22    -0.26    32.93         2.079
    5.92   -19.70     7.08         2.744
  -12.29    -4.82     5.99         2.859
  -22.14   -35.72   -40.21         4.080
   13.67     1.59    61.64         1.543
  -40.38   -22.10   -24.92         3.760
   -2.24   -15.19    26.38         2.326
   -3.95    -9.34    57.65         1.645
  -29.53   -25.26   -11.36         3.381
   -2.07     7.34     7.06         2.826
   -0.36   -13.72    51.59         1.756
  -13.98    11.49    25.92         2.461
  -36.66    -5.61   -38.06         4.053
   13.73    18.64    14.02         2.675
  -13.77   -36.98   -30.73         3.810
   -8.18     2.07     7.52         2.820
   -2.90    -3.78    55.63         1.694
    1.28    -2.24    61.65         1.563
  -26.70   -29.17   -11.80         3.390
  -21.48    -3.93   -48.45         4.238
   -2.02   -26.31   -17.71         3.394
  -40.39   -15.99   -19.15         3.607
   13.46   -20.51    46.24         1.818
  -22.75   -34.05   -17.78         3.532
  -22.43    -0.01   -15.48         3.435
  -38.27    -4.48   -23.26         3.696
   -7.25   -31.32   -20.42         3.503
  -10.21   -20.61   -48.05         4.170
    3.18    14.66    10.93         2.756
   35.07    11.50     1.36         2.829
   22.21   -18.39    -6.50         2.986
   24.01   -11.29    43.46         1.825
    4.77    -5.82    61.49         1.542
   -1.93   -13.69   -42.12         3.977
   11.03     7.53    56.82         1.686
  -33.49    -9.02   -12.46         3.405
   22.41    13.91   -29.49         3.627
   26.62    -7.76    56.41         1.555
   17.17    12.20    30.03         2.256
    1.00   -17.81    35.55         2.105
   27.77    -1.89    39.92         1.913
    1.06   -18.41    32.06         2.184
  -35.22   -32.05   -32.21         3.941
   -6.57    -0.17    41.02         2.033
  -41.18   -23.88   -26.12         3.797
  -10.58     3.94    35.38         2.192
  -25.46    -9.25   -49.99         4.291
    0.40   -13.77   -37.58         3.853
  -25.90    -2.08   -13.70         3.405
   -3.87     0.57    49.78         1.836
   -4.43    -0.69   -33.35         3.787
  -27.45     3.85   -22.77         3.647
    1.02   -25.30   -29.98         3.675
   -1.70   -17.91    11.30         2.679
   -1.87   -13.41   -40.52         3.937
  -10.14   -21.95   -48.36         4.180
  -25.69     5.29   -25.36         3.706
   -1.62   -23.22   -42.31         3.988
    5.13   -21.67   -18.65         3.370
   18.43    -2.46    61.28         1.511
  -41.17    -7.04   -33.85         3.970
  -32.60   -15.37   -10.13         3.346
    9.57     6.16    60.59         1.608
   10.02   -17.77    60.33         1.540
