200 PA4-K-Unknown-Output.txt
  -12.96   -14.24    -3.13       -13.04   -12.76    -1.85     1.959
   31.86    11.31    15.21        30.39    12.06    16.29     1.969
  -17.16    -1.24   -46.84       -16.61    -1.18   -47.04     0.583
   -2.22    -5.35    62.83        -2.00    -5.40    62.68     0.272
   11.92    25.75    11.64        12.94    25.61    12.55     1.372
  -43.12    -7.68   -23.15       -43.52    -8.91   -21.63     1.991
   23.68   -10.38     1.16        23.51   -10.23     1.18     0.232
  -36.18   -21.87   -14.69       -36.28   -20.99   -13.05     1.867
   -8.19    -6.89    13.04        -8.59    -6.37    14.09     1.241
   36.42     1.82   -17.55        36.14     1.79   -17.42     0.308
   -6.52     6.22    42.75        -6.95     6.50    43.73     1.100
   10.10    22.49    -7.08         9.78    22.78    -7.24     0.462
   19.16    -2.87    49.35        17.79    -3.27    51.15     2.294
   21.07    12.37    58.55        20.37    13.40    58.41     1.257
   29.91    20.47   -18.36        29.59    20.31   -19.34     1.050
   30.20    13.99    15.96        29.84    13.82    16.12     0.424
  -39.11   -13.34   -13.78       -38.41   -13.00   -11.95     1.980
   30.21    20.94   -16.62        29.91    20.68   -16.61     0.400
   22.49     4.22    51.12        21.88     3.49    52.00     1.291
   19.57   -14.98   -16.32        19.53   -15.20   -16.55     0.314
    5.66     8.09   -14.90         5.44     8.92   -14.15     1.137
   -0.44   -21.67   -27.65        -1.74   -22.54   -29.03     2.079
    3.66   -16.22   -22.52         3.66   -15.81   -21.75     0.877
   18.12    -0.23    63.05        17.45     0.40    62.97     0.923
   20.93     0.21    52.54        20.03    -0.29    53.84     1.665
   22.34    25.18   -10.75        22.25    25.12    -9.83     0.921
   -6.82     1.25    32.15        -7.46     1.06    30.26     2.002
   21.39     1.76    55.99        21.02     2.35    56.02     0.702
   -1.25    -5.31   -30.11        -1.38    -5.35   -30.00     0.175
   -6.75   -25.68   -17.18        -7.00   -25.35   -17.39     0.464
  -39.11    -1.94   -35.63       -39.58    -1.19   -35.92     0.933
  -29.05   -31.09   -27.71       -29.37   -31.00   -29.55     1.863
   -6.34     3.42    45.05        -6.67     3.38    45.06     0.333
   -6.64    -7.21   -44.15        -6.25    -6.27   -43.12     1.455
   27.65   -13.15   -13.93        27.50   -12.54   -13.94     0.628
   -1.30   -19.57   -12.06        -1.99   -19.28   -11.62     0.863
   28.34    -2.26    19.62        28.68    -1.17    19.18     1.222
  -11.76     5.20    12.22       -11.99     5.16    14.37     2.165
   15.70     1.25   -21.01        16.69     1.56   -21.97     1.415
  -28.05   -31.21   -30.25       -28.13   -31.38   -30.28     0.187
  -22.21    10.24   -34.61       -23.45    10.45   -34.52     1.264
   18.21    -5.23    33.56        18.08    -4.91    33.52     0.352
  -13.33   -23.46    -9.47       -13.48   -23.33    -9.64     0.263
    1.05    -9.07    24.52         1.56    -8.54    25.69     1.384
   16.15   -17.48    -6.80        16.38   -17.78    -8.82     2.057
   16.92    -4.81    45.89        16.68    -4.42    47.32     1.494
  -29.68   -18.82    -7.60       -28.76   -19.26    -7.22     1.086
    9.46    20.72    -8.02         9.16    21.51    -8.21     0.868
   19.88    -5.67    25.61        20.18    -5.19    25.97     0.667
  -38.41    -0.21   -17.23       -37.65    -0.64   -14.82     2.564
   40.73     5.39    -0.86        40.04     6.39     0.88     2.127
   16.09    -8.72    12.09        16.81    -7.94    13.40     1.688
   21.11    16.59    39.84        20.90    16.56    41.16     1.338
  -14.98    -6.19     2.49       -15.23    -6.27     2.56     0.276
   34.53    -4.92   -17.81        34.78    -4.38   -18.20     0.715
  -34.51    -8.70   -44.42       -33.84    -8.01   -45.58     1.512
   15.28    23.89   -20.17        17.12    25.30   -21.34     2.600
   -3.90     9.26    -6.42        -4.24     9.86    -4.57     1.971
   -6.41     7.04    54.55        -6.82     7.52    55.73     1.332
   21.19    13.74    49.65        21.00    13.65    51.19     1.554
   18.01   -12.29     3.25        18.09   -11.62     3.34     0.686
   14.68    25.56    -7.95        14.62    25.79    -8.00     0.249
   31.11     1.98   -27.65        31.13     2.13   -26.95     0.717
   -9.68     6.81    25.66        -9.99     6.68    25.73     0.336
   -4.20    10.66    -0.28        -5.34    10.53     0.16     1.225
   21.11    16.99   -29.88        21.16    17.08   -29.77     0.145
   -9.98     6.65    -2.90       -11.20     6.52    -0.96     2.290
    0.82   -15.37   -31.26         0.17   -15.25   -30.11     1.329
  -17.36   -30.22   -37.00       -16.60   -29.39   -37.52     1.235
   15.80    -9.31   -20.86        16.62   -10.41   -20.08     1.574
   -6.85     4.94    59.29        -6.92     4.42    59.03     0.582
   33.51    -4.24    11.30        34.05    -4.40     9.89     1.513
  -11.33   -26.61   -14.48       -11.58   -26.30   -14.46     0.399
   -2.49     2.89   -26.01        -2.65     3.56   -24.72     1.465
   22.77     0.16    40.67        22.47     0.87    43.13     2.577
   -0.54    -8.58    25.55         1.36    -8.56    25.79     1.915
   15.29    -4.92    56.31        16.35    -3.90    57.90     2.168
   -5.54    10.69    53.55        -5.93    10.82    53.55     0.410
   -5.12    10.79    55.54        -5.60    11.02    55.51     0.535
   27.36     6.99    28.42        26.61     6.95    29.23     1.111
   -5.75     4.65   -28.89        -5.45     4.54   -27.52     1.410
  -35.16   -25.35   -34.27       -35.90   -26.05   -32.63     1.936
  -27.06   -29.67   -16.99       -26.79   -29.15   -15.80     1.330
   38.42    10.57    -7.09        38.14    10.28    -6.42     0.783
   21.53   -12.55    -0.74        22.03   -12.02    -1.33     0.948
   -5.92    10.20    51.79        -6.14    10.29    52.14     0.418
  -23.27     9.06   -36.77       -23.84     9.86   -36.22     1.136
   21.32    -3.62    33.90        21.13    -3.35    33.86     0.337
   23.13    10.38   -30.54        23.25     8.58   -30.23     1.834
  -30.37   -29.04   -18.26       -31.19   -28.37   -17.59     1.251
  -27.88    -8.14   -47.55       -27.35    -8.14   -48.24     0.872
   41.01     4.53    -3.56        40.53     5.82    -3.76     1.388
    1.26     3.56   -22.19         1.09     3.46   -22.07     0.236
   12.11    20.61    55.17        13.34    20.62    55.71     1.350
   13.49    23.05    27.27        13.49    23.05    27.27     0.004
   15.75   -14.23   -15.99        16.64   -14.77   -16.18     1.062
   -6.69     2.50    34.89        -7.01     2.47    34.93     0.324
   19.01    26.37    -7.10        20.05    26.14    -6.19     1.401
   13.39   -15.34   -13.24        13.29   -15.70   -12.82     0.570
  -10.53     9.46   -20.21        -8.56     8.23   -19.15     2.554
  -14.01   -31.70   -24.23       -13.67   -31.32   -23.97     0.566
  -40.16    -0.41   -20.82       -40.72    -0.10   -20.80     0.641
    2.13     6.60   -18.16         1.79     6.76   -18.22     0.379
   -9.06   -22.96   -41.83        -8.63   -23.09   -40.62     1.285
   -1.51    17.44    48.76         0.46    18.75    49.28     2.424
  -16.82   -28.53   -14.06       -15.80   -26.91   -12.60     2.408
  -38.90   -10.11   -39.83       -39.44    -9.38   -40.52     1.138
  -11.80    10.17    19.29       -12.18    10.11    19.28     0.383
   -7.49    17.86    39.93        -6.72    18.30    40.53     1.071
   20.73    12.60    59.39        20.22    13.41    59.29     0.963
  -10.34     6.43     4.09       -11.01     6.98     6.35     2.422
   -4.47     7.83   -18.33        -4.26     7.76   -18.28     0.231
   30.08    17.42    12.99        29.73    17.17    12.96     0.438
  -39.20    -8.13   -38.14       -40.27    -8.10   -37.23     1.403
  -30.96     5.43   -14.74       -30.59     6.06   -14.83     0.733
  -26.28   -31.59   -31.58       -26.36   -31.64   -32.58     1.000
  -12.33    -4.49     7.88       -13.20    -3.22     7.90     1.539
  -31.43     8.00   -31.77       -31.05     9.24   -30.83     1.597
   -3.38    -4.12    60.48        -2.37    -5.41    62.15     2.336
   19.65    -6.95   -23.19        20.41    -7.46   -23.60     0.997
  -28.01   -31.63   -24.87       -27.88   -31.72   -23.34     1.536
   19.56    21.38    26.71        19.57    21.40    26.72     0.018
   35.99    -3.56    -7.33        35.70    -3.44    -7.43     0.331
  -42.45   -11.35   -20.58       -43.05   -11.38   -20.41     0.626
  -14.66     8.66   -37.61       -13.71     7.93   -38.22     1.346
   -5.26   -26.99   -28.49        -5.45   -26.86   -26.46     2.044
  -31.47     4.02   -39.15       -31.70     5.36   -38.52     1.504
  -31.64     4.26   -38.66       -31.70     5.36   -38.52     1.111
   38.95     4.27     8.30        38.54     4.23     8.00     0.511
    2.95     3.09   -21.22         1.14     3.82   -21.71     2.011
  -38.75   -16.69   -14.50       -39.10   -16.85   -14.23     0.468
    3.49     2.70    63.84         3.47     2.82    63.53     0.329
   36.21     1.11   -18.49        35.92     1.00   -18.07     0.519
   22.14     3.21    53.70        21.49     3.30    53.89     0.679
   36.55    13.12   -10.81        36.22    12.78   -10.93     0.494
  -10.66   -30.34   -25.48        -9.33   -29.41   -25.35     1.626
    8.52    -8.42   -22.88         9.11    -8.65   -22.71     0.653
    9.52    13.98    -9.33         8.99    12.52   -10.17     1.767
   25.02    24.40     3.88        23.88    24.43     5.10     1.661
   14.29    -2.66    63.48        14.24    -1.04    62.99     1.698
    0.48     5.28   -20.81         1.21     4.37   -21.15     1.213
   19.01    -6.14    24.60        20.04    -5.89    23.09     1.836
   -4.01    -4.05    41.94        -4.29    -4.11    43.88     1.956
   -1.79    15.86    54.82        -1.98    16.09    54.87     0.302
   38.88     1.31     7.90        38.45     1.43     7.74     0.468
   -8.51    22.38    18.41        -8.57    22.66    18.22     0.338
  -17.04    -7.80    -0.88       -16.64    -6.58     0.63     1.980
   35.97    -3.14    -3.46        35.91    -2.59    -1.73     1.812
   -7.62   -23.31   -12.74        -7.62   -22.75   -12.94     0.595
   -8.73     7.33    -8.12        -8.18     7.81    -7.73     0.831
   39.72     2.27   -10.21        38.91     2.99   -11.35     1.575
   -4.46    16.72    11.13        -5.26    16.70    10.88     0.841
   14.58    -6.08    41.71        14.51    -5.83    41.70     0.256
    0.48    18.68    48.93         0.49    18.83    48.97     0.152
   29.91    21.28   -13.10        29.78    21.08   -13.09     0.240
   24.80    -1.96   -26.81        24.07    -1.91   -27.14     0.804
   34.33    17.27     2.67        34.06    17.02     2.64     0.364
   26.71     8.51   -29.99        27.66     8.86   -30.32     1.063
   -3.57   -24.64   -30.35        -5.83   -26.48   -30.51     2.916
    6.68    20.16    45.24         5.36    20.12    46.91     2.125
   21.71    13.40    48.48        21.36    13.75    48.06     0.654
   -0.18    17.36    52.63        -0.37    17.66    52.66     0.357
   35.56    15.72    -8.07        34.84    15.51    -6.85     1.436
  -30.69   -10.52    -6.30       -31.33    -8.86    -6.63     1.808
   -5.91     8.12   -17.81        -4.36     8.04   -17.56     1.572
   32.28     0.54    15.87        32.49     2.32    15.48     1.834
   18.12    19.00   -29.90        18.19    19.10   -30.03     0.170
  -38.87   -15.48   -37.71       -39.76   -15.34   -36.50     1.518
   -5.80    10.24    53.40        -6.09    10.34    53.41     0.306
   -4.31   -24.17   -33.98        -4.62   -23.91   -33.84     0.426
   16.63     8.69   -19.50        15.87     8.48   -19.46     0.791
   20.85     2.03    59.77        20.40     2.39    61.40     1.724
  -11.46    10.08   -25.16       -11.30    10.03   -23.25     1.921
  -13.52    -0.94     7.32       -14.28     0.06     6.59     1.461
  -21.69    -2.51    -6.79       -21.13    -2.82    -5.71     1.257
    2.87   -17.79   -22.18         3.20   -17.07   -21.08     1.360
   11.54    22.07    33.72        10.41    22.31    32.59     1.621
   -2.86    -5.06    43.64        -2.98    -5.21    43.66     0.196
   -6.33    15.50    43.01        -6.58    15.55    43.10     0.267
   25.20    -0.24    30.10        24.04    -1.91    29.11     2.266
  -22.24     0.99   -45.52       -22.09     1.87   -44.89     1.090
   -6.14   -24.59   -15.94        -7.77   -24.81   -15.69     1.664
  -23.86     9.41   -17.75       -23.28     8.50   -17.39     1.137
   11.36    19.99    59.83        13.03    20.18    60.06     1.697
   -5.51   -27.30   -27.13        -5.79   -27.10   -26.54     0.690
  -13.36    20.11    20.05       -14.41    20.58    21.04     1.514
  -36.90   -25.47   -25.34       -36.87   -26.03   -25.15     0.595
  -22.25   -12.80   -48.09       -22.43   -12.61   -48.96     0.915
  -10.94    12.49    35.17       -11.37    13.40    35.35     1.019
   34.80    14.49   -15.11        34.80    14.97   -13.57     1.613
   13.22    24.97    -8.84        12.46    25.25    -8.03     1.150
    0.14    19.78    42.33         0.48    20.07    43.24     1.018
   -4.09    20.27    38.99        -3.27    20.23    39.87     1.202
   -6.54     7.68    47.25        -6.78     7.71    47.27     0.244
   -1.44   -10.95    13.64        -1.32   -10.72    13.65     0.266
   40.80     2.64    -4.46        40.66     2.93    -5.55     1.130
   23.01     9.91    49.43        22.40     9.62    50.56     1.318
   16.91    22.23    32.16        16.68    22.22    31.98     0.290
    7.44    20.42    45.14         8.89    20.86    44.93     1.530
   32.62    13.62    12.93        31.76    13.45    13.11     0.899
