200 PA4-F-Debug-Output.txt
   16.32    10.52   -23.59        16.21     9.72   -22.13     1.667
   -4.01   -25.40   -19.72        -4.61   -24.79   -20.01     0.907
   29.12    20.56   -18.40        29.56    20.32   -19.36     1.083
   10.20     3.10    63.92        10.20     3.06    63.03     0.883
  -35.56   -14.19    -9.06       -34.86   -15.77    -8.43     1.844
  -13.16    -1.33   -45.38       -13.05    -1.10   -45.72     0.419
   13.38    -6.32    27.00        13.38    -6.40    27.01     0.087
  -39.06   -17.26   -14.62       -39.15   -17.30   -14.56     0.116
  -30.47   -27.92   -15.63       -31.07   -26.84   -15.26     1.296
    2.69    -5.23   -25.11         2.40    -4.16   -25.35     1.134
   -7.61     5.88    59.67        -7.08     5.95    59.68     0.530
    3.17    20.28     4.48         2.81    20.49     4.33     0.440
   -2.50    -4.83   -35.12        -3.09    -5.57   -33.80     1.626
  -25.76   -23.74    -8.22       -25.64   -23.03    -8.48     0.767
   16.21    -1.95    62.43        16.17    -0.98    62.96     1.103
    1.61    -7.13   -26.73         1.71    -6.12   -26.63     1.017
   -5.77    25.36    26.11        -5.91    24.98    27.19     1.156
   -7.71     4.11   -36.06        -8.18     4.69   -35.78     0.804
  -18.80   -22.81    -7.73       -18.70   -22.09    -8.20     0.863
  -30.46     8.88   -28.81       -30.37    10.04   -27.62     1.663
   -3.13    -4.43    57.94        -2.26    -5.40    58.23     1.334
   24.96   -15.39   -12.80        24.44   -14.72   -12.06     1.126
  -10.94   -15.28   -46.20        -9.20   -16.54   -44.58     2.687
   13.69    -0.25    63.96        13.68    -0.24    63.01     0.952
   14.73   -16.77    -1.74        13.95   -16.86    -3.93     2.321
   16.52    -3.65    49.48        16.82    -4.14    51.07     1.693
   18.89    15.77    56.94        18.91    15.44    58.15     1.257
  -19.54     9.57   -35.51       -19.69     9.05   -37.38     1.947
  -17.14    10.94   -31.94       -16.50    11.29   -31.86     0.734
   31.79     0.23   -26.22        31.75     0.08   -25.82     0.435
   20.19     2.32    56.23        20.96     2.30    56.36     0.777
  -25.17   -23.03   -44.27       -24.29   -23.97   -43.64     1.436
   28.03    -0.30    22.08        27.74    -0.17    21.93     0.357
   -7.84   -22.93   -11.10        -7.74   -21.24   -10.39     1.834
   10.80   -13.36   -17.73        10.85   -13.49   -17.83     0.172
   -7.45     3.27    33.96        -7.23     4.95    34.60     1.812
   -6.58    11.29    50.99        -5.87    11.06    52.12     1.357
   -6.73   -18.43   -42.30        -6.73   -18.43   -42.30     0.002
   20.89    13.08    53.70        20.68    13.38    54.14     0.574
   15.94    22.24    30.56        15.94    22.25    30.56     0.011
    2.47    22.86    31.35         2.44    22.51    31.25     0.357
   14.30    20.33   -28.71        15.81    20.48   -30.14     2.086
   12.91    25.92    -4.17        12.02    26.22    -3.66     1.068
  -43.50   -10.03   -23.99       -44.14    -8.74   -23.69     1.470
   33.54    -6.15   -20.42        33.11    -5.84   -20.31     0.537
   18.41    16.15   -30.20        19.41    16.84   -30.91     1.413
    3.28    24.20    19.74         1.49    23.97    21.41     2.447
   21.22    17.82   -28.51        21.44    18.09   -28.88     0.509
    6.96   -12.18     9.45         4.89   -12.24     9.44     2.067
    3.82    10.96    -8.89         3.55    11.57    -8.91     0.668
   27.91    -3.60    17.71        27.66    -3.35    17.81     0.367
   -7.62    11.22    41.73        -7.06    11.24    42.67     1.092
   18.24   -10.57     7.25        18.60   -10.32     5.53     1.771
  -14.88   -21.94   -44.46       -15.66   -23.72   -43.64     2.108
   -6.09     3.92   -30.89        -6.73     4.47   -30.64     0.880
   21.09    21.54    23.04        20.62    21.25    24.07     1.168
   -9.31   -21.42    -8.68        -9.31   -21.23    -9.75     1.088
   23.78    12.98    36.34        23.44    13.21    36.55     0.460
   -7.21     3.77    46.93        -6.95     6.15    46.51     2.423
   25.92     0.46    28.36        26.53     2.75    28.69     2.397
   -3.36    -0.09   -29.19        -3.00    -0.47   -28.82     0.640
  -37.13     4.08   -24.45       -37.74     4.61   -24.36     0.811
    3.79    -1.06   -22.53         2.38    -0.57   -23.68     1.886
    7.76    21.99    35.62         8.76    21.46    37.01     1.793
  -15.24    10.34   -21.50       -13.52    10.36   -20.37     2.056
   23.98    -4.67    21.58        24.09    -4.14    21.70     0.555
   -4.56   -22.62   -13.22        -4.75   -21.39   -13.24     1.245
  -21.11   -20.00   -46.52       -20.34   -20.01   -47.19     1.030
  -29.07   -31.27   -23.51       -30.99   -30.14   -23.00     2.295
   -5.52    12.81    56.97        -5.08    12.48    58.37     1.504
   -1.65   -22.66   -32.78        -2.29   -22.31   -32.66     0.737
    1.04   -12.24     6.55         1.08   -11.85     6.50     0.392
   -0.44   -10.34   -34.16        -0.43   -11.34   -32.80     1.695
   20.99   -13.63    -0.93        20.53   -12.95    -1.41     0.943
   -5.72   -20.25    -9.41        -5.97   -19.69   -10.04     0.877
    4.03    -6.85    36.66         4.73    -7.08    37.58     1.179
   15.03   -17.71    -6.42        13.16   -17.48    -6.30     1.881
  -12.37    -0.23    11.85       -11.97     0.74    13.15     1.673
   14.69    -3.74   -21.20        12.71    -5.14   -22.10     2.593
   18.53    16.84    52.53        18.20    17.29    52.37     0.584
  -28.16   -27.75   -12.92       -27.22   -28.06   -13.40     1.107
  -23.08   -33.18   -28.35       -23.00   -32.83   -27.30     1.112
   20.20   -11.56     3.13        19.65   -11.35     2.17     1.127
  -27.53     2.77   -13.31       -27.39     2.75   -13.26     0.147
    7.81    14.50    -7.80         7.77    16.55    -7.98     2.058
  -32.80   -17.07    -8.13       -31.49   -16.30    -7.79     1.552
   22.97    12.72    40.74        23.01    12.84    40.77     0.130
   28.14   -12.77   -16.09        28.01   -12.34   -15.31     0.896
  -11.92    19.66    36.10       -11.65    19.54    35.81     0.412
   12.01    25.88    11.44        12.79    26.01    11.38     0.786
   10.88    22.85    29.52        11.05    22.55    30.25     0.806
   25.04   -15.34   -13.82        24.55   -14.72   -13.85     0.784
    4.35    -4.78   -23.82         5.57    -4.38   -23.38     1.362
  -19.54     2.08    -9.46       -19.53     2.06    -9.11     0.355
  -15.27     9.58   -35.05       -15.21     9.91   -35.06     0.336
   -4.99    -3.59    38.54        -4.92    -3.53    38.52     0.097
   23.21    18.47    26.66        23.91    16.78    26.71     1.827
  -31.47   -27.62   -15.79       -31.64   -26.98   -15.77     0.667
   -7.03    11.23    46.18        -6.47    11.15    46.15     0.569
    1.61   -12.90   -28.17         1.79   -12.59   -26.84     1.376
   -2.32    12.22     0.31        -2.20    12.65    -0.48     0.901
   -2.84     0.83   -27.67        -2.61     1.77   -26.95     1.207
  -10.24   -20.42    -8.10        -9.23   -19.65    -8.55     1.352
  -27.32     0.81   -12.27       -27.51     1.81   -12.84     1.171
  -42.69    -4.65   -26.85       -43.37    -4.39   -26.85     0.733
   11.56    17.74   -11.11        11.39    16.20   -10.98     1.553
   27.08   -13.57   -15.91        27.70   -12.53   -15.26     1.370
   27.25     1.28    26.18        27.26     2.39    26.24     1.117
   22.55     0.50    39.85        22.49     0.54    39.85     0.071
    1.89    -6.36    44.30         2.00    -6.81    44.77     0.651
   37.93     1.33   -13.60        38.32     3.05   -12.75     1.956
   -6.39    18.29    13.30        -6.62    18.31    13.01     0.377
  -16.81   -29.31   -38.15       -16.60   -29.39   -37.52     0.675
   -1.68   -10.73    13.46        -1.30   -10.72    13.60     0.406
   15.60    -3.89   -21.21        17.27    -3.55   -22.49     2.135
  -11.14   -30.91   -29.03       -12.75   -31.12   -27.84     2.018
    4.67    -6.54    49.18         4.74    -7.13    49.20     0.592
   21.27     9.22    57.07        21.55     9.53    57.60     0.680
   17.69    -7.11    17.48        17.65    -6.97    17.45     0.145
   18.77    -7.86   -22.08        18.58    -8.57   -22.70     0.963
  -39.44   -17.30   -15.01       -39.39   -17.38   -14.91     0.137
    9.43    -6.42    61.04        10.25    -6.97    61.87     1.289
   -5.48    -1.45    63.40        -4.88    -1.54    62.72     0.905
   -6.50   -21.19    -9.63        -7.71   -20.87   -10.16     1.364
   -6.58    11.69    60.38        -5.76    11.12    60.27     1.003
    7.01   -12.95   -20.94         7.92   -12.01   -21.60     1.468
   17.93    24.04    15.87        18.23    23.61    17.30     1.521
   -9.18     8.36    32.13        -9.46     8.96    32.21     0.664
  -36.36   -16.72   -10.21       -36.24   -16.63   -10.39     0.231
  -11.47     7.46   -35.55       -13.00     8.67   -35.19     1.992
   29.05     1.77    22.11        28.67     1.92    21.94     0.440
   20.11     1.69    56.05        20.97     2.32    56.28     1.093
   31.07    19.33     8.69        30.68    19.59     8.93     0.525
    6.89   -12.90     5.50         6.95   -12.50     5.83     0.521
   21.00     4.53    55.97        21.42     4.33    55.90     0.470
    2.91    -6.49    48.06         2.86    -6.95    48.07     0.462
   20.63    16.37    43.61        20.28    16.45    43.84     0.434
  -20.84   -18.32    -5.71       -20.55   -19.86    -6.56     1.779
  -31.63   -17.06    -7.68       -31.17   -16.71    -7.72     0.577
   -5.97    -0.61    49.83        -5.74    -0.55    50.00     0.298
   -7.06   -17.97    -5.82        -6.13   -16.62    -5.40     1.696
   -7.43    -2.09    29.09        -6.92    -3.09    30.26     1.624
  -12.21    -0.85    11.14       -12.57     0.61    11.16     1.506
   32.29    14.13    13.19        31.60    13.84    13.10     0.757
   -5.72   -15.27   -42.43        -4.87   -16.07   -41.22     1.678
   20.77    21.13    25.24        20.70    21.02    25.22     0.126
   -2.28    -4.61   -32.55        -2.80    -4.84   -32.33     0.603
   40.73     2.55    -1.68        40.08     2.97    -1.76     0.775
   -4.99    23.71    33.19        -5.10    23.35    33.01     0.420
  -26.80   -21.22   -45.36       -26.80   -21.47   -45.67     0.393
   -4.54    -7.32   -41.45        -4.60    -7.34   -41.41     0.074
   19.90     6.43   -25.74        19.07     4.77   -25.01     1.994
   23.99    12.73    35.98        23.42    13.28    36.45     0.923
  -43.24    -8.68   -26.27       -44.42    -8.47   -24.75     1.929
   19.90    12.19    62.09        19.80    13.44    61.70     1.313
   -3.63   -19.95   -38.02        -4.04   -20.18   -37.86     0.495
  -27.63   -22.71    -7.96       -27.10   -22.45    -8.20     0.629
    0.92    -6.16    47.19         1.13    -6.74    48.25     1.228
   -1.16   -11.05   -37.19        -1.11   -10.71   -35.43     1.783
   18.45    26.43     5.20        19.77    26.03     5.35     1.385
   18.34    -3.32    42.40        18.46    -3.90    43.55     1.290
   -5.77    -1.02    58.87        -5.33    -1.79    58.78     0.887
   24.32    12.71   -29.09        23.30    14.30   -29.29     1.899
   21.66     6.94    54.30        22.00     6.16    54.30     0.847
   13.32    16.87   -17.22        12.50    17.31   -17.88     1.141
  -14.64   -24.71   -42.51       -13.24   -24.32   -42.63     1.451
  -33.49   -26.09   -15.76       -33.34   -25.94   -15.89     0.251
    2.70    -0.83    64.08         2.02    -1.40    63.33     1.164
  -39.33   -19.28   -16.63       -39.56   -19.23   -16.66     0.238
   33.95    -5.57    -0.91        34.17    -4.57    -0.79     1.029
  -26.84   -16.27   -46.83       -27.34   -15.96   -47.34     0.775
  -21.35    -7.87   -47.87       -20.05    -9.16   -49.00     2.153
  -11.08    20.99    17.89        -9.26    22.03    17.54     2.121
   27.16    14.04   -27.04        27.13    14.53   -27.75     0.864
   30.00    10.76    18.71        29.69    10.64    18.54     0.372
  -29.65   -27.90   -37.45       -29.96   -28.92   -35.71     2.039
    0.05    -6.20    54.91         0.31    -6.65    55.63     0.897
   30.60    20.49   -14.60        30.68    20.49   -13.34     1.261
  -33.91   -26.79   -34.16       -34.50   -26.43   -34.64     0.841
   16.07    -0.89   -20.70        16.99    -1.30   -22.26     1.864
  -13.90     8.94   -35.42       -13.81     9.11   -35.20     0.294
  -10.40    22.51    19.02        -9.24    22.88    18.74     1.245
   -2.83    16.13     8.39        -3.85    15.77     8.46     1.080
   22.55    -6.64    14.88        24.10    -5.78    15.62     1.918
  -14.09   -23.90    -9.15       -13.54   -23.35    -9.60     0.897
   -7.50    -4.04    24.15        -7.44    -3.31    26.46     2.423
   21.13    16.70    39.21        21.12    16.76    37.95     1.262
   16.67    -5.68   -21.43        17.51    -5.45   -22.69     1.526
  -14.92     5.03   -41.37       -14.61     5.61   -41.36     0.664
   38.10     4.23    10.02        37.29     4.18     9.60     0.909
   -7.35    -6.50    18.66        -7.26    -6.40    18.76     0.165
  -13.19     6.61   -13.23       -13.57     6.61   -12.06     1.221
  -22.96     4.26   -42.07       -22.60     4.53   -42.88     0.931
   27.07   -12.32    -5.75        26.99   -11.71    -3.79     2.057
   23.58    13.60    35.10        23.58    13.60    35.10     0.003
   16.26    26.88    -0.98        16.44    27.26    -0.97     0.420
  -40.30    -9.81   -31.76       -40.31   -10.43   -32.54     0.996
   37.19     6.21   -14.84        37.15     5.46   -13.99     1.130
   21.52    -0.61   -24.23        20.43    -1.28   -24.12     1.284
  -27.02   -30.95   -17.72       -26.83   -30.69   -17.83     0.338
