200 PA4-C-Debug-Output.txt
  -15.47    19.59    21.08       -15.47    19.10    21.67     0.777
  -22.66    -1.95   -48.37       -22.78    -1.99   -47.51     0.872
   31.15     0.01   -27.50        31.52    -0.65   -26.11     1.583
   35.82     9.86   -16.89        35.84     9.87   -16.65     0.245
   -8.34     7.25    31.37        -8.52     7.20    31.41     0.196
   25.28    -7.61     8.40        24.62    -7.25     9.49     1.328
   11.23    16.14    62.29        13.36    17.37    63.06     2.583
  -29.41   -16.46   -47.66       -29.96   -16.39   -47.11     0.781
  -14.55    -9.69   -48.96       -15.80   -10.14   -48.59     1.378
    9.95    21.65    48.28        10.09    21.07    48.34     0.599
  -37.67   -19.39   -14.87       -37.70   -19.74   -14.49     0.513
   -4.33   -12.61     0.48        -5.92   -13.35    -0.15     1.861
    6.43    -8.76    16.90         6.58    -9.26    17.06     0.542
   -2.45    20.01    41.77        -2.32    19.50    41.67     0.531
  -15.38    11.89   -27.58       -15.51    11.58   -27.60     0.341
  -10.97    -7.18     5.91       -12.18    -6.11     6.83     1.860
    6.74    18.87    -5.89         7.02    19.65    -5.76     0.837
   20.64     9.02    60.91        20.98    10.05    61.03     1.091
  -28.86   -28.91   -18.36       -29.01   -29.45   -18.05     0.638
   18.50    18.46    44.82        18.49    18.45    44.25     0.568
   31.37    -9.74   -15.51        31.33    -9.37   -15.55     0.372
  -33.76   -20.74   -42.61       -33.57   -19.44   -43.19     1.433
   -2.82    -7.06   -39.53        -3.31    -6.90   -39.71     0.548
  -40.16   -16.53   -16.41       -40.13   -16.17   -15.29     1.175
   16.41    18.17    58.58        17.37    17.12    58.66     1.425
   22.86    10.65    44.93        23.08    10.70    44.96     0.227
  -39.89    -1.24   -17.48       -40.81    -0.65   -18.68     1.629
   -7.21    20.02    38.12        -6.56    19.96    39.09     1.164
   19.21    -1.28    49.06        19.72    -1.50    50.81     1.838
   32.10    -9.03   -14.59        31.90    -8.79   -14.61     0.322
  -41.83   -18.53   -28.70       -41.90   -18.62   -28.50     0.231
   22.97     5.88    44.34        23.50     6.32    44.47     0.692
   -6.48   -17.78    -8.44        -6.34   -18.08    -7.52     0.984
   38.43     6.92   -10.41        38.44     6.51   -10.37     0.414
  -37.84     1.63   -37.34       -37.15     1.76   -37.04     0.767
  -36.25    -0.32   -41.53       -36.58    -0.78   -40.22     1.427
   -1.31    -8.14    24.27        -1.35    -8.76    24.44     0.648
    9.97    22.69    -7.77         9.97    22.69    -7.77     0.006
   23.69   -15.47   -15.19        23.58   -15.28   -15.18     0.218
  -11.17   -26.42   -39.04        -9.99   -26.22   -38.21     1.450
   33.51    -6.44   -10.15        34.63    -5.69   -11.78     2.117
   24.87    10.79    32.72        25.20    10.09    33.38     1.011
  -13.20   -14.45    -4.52       -13.34   -14.94    -4.01     0.718
   37.27    12.17    -4.41        36.86    12.86    -4.77     0.878
  -15.97   -11.68   -49.20       -15.88   -11.64   -48.50     0.712
   11.47   -16.91    -5.33        11.45   -16.84    -5.42     0.116
   24.97     0.97   -29.84        24.56     2.19   -29.46     1.335
   -7.80    14.86    39.62        -7.69    14.60    40.30     0.741
   38.33     3.25   -13.05        38.20     3.28   -12.87     0.218
   -3.73    12.62    61.55        -3.29    14.36    62.00     1.858
  -39.79   -10.34   -39.57       -39.44    -9.38   -40.52     1.393
   13.33   -17.59    -8.16        13.21   -17.27    -8.12     0.334
   14.20     2.02    62.34        14.28     2.91    63.00     1.108
  -41.26    -3.57   -35.04       -40.09    -4.73   -37.28     2.779
   -7.14     2.60    35.18        -6.99     2.61    35.16     0.151
   21.63     4.86    51.73        21.91     4.13    52.55     1.130
   13.21    -6.51    23.98        13.25    -6.80    24.01     0.300
  -15.40   -13.82    -4.81       -17.83   -13.66    -4.62     2.450
   -7.14     5.19    42.35        -6.99     5.48    41.36     1.042
  -15.48    -3.20   -48.08       -15.49    -2.08   -47.11     1.480
  -18.42   -31.53   -22.81       -16.63   -31.86   -22.57     1.843
  -16.94    -3.97     0.42       -17.22    -4.03     0.59     0.330
   20.21    14.84    50.98        19.74    15.47    51.70     1.058
    6.61    17.77    -6.10         7.10    19.64    -5.90     1.949
   -6.29     0.48    56.51        -6.56     1.73    56.24     1.307
   17.66    -7.71    13.04        17.70    -7.81    13.30     0.279
   -3.57   -19.81   -37.70        -3.92   -20.24   -37.61     0.557
   18.15    23.96    15.29        16.63    24.71    13.84     2.227
  -40.51   -19.73   -19.99       -40.44   -19.92   -19.19     0.818
  -34.48     3.94   -15.80       -34.27     4.39   -15.57     0.553
    6.29   -12.29     7.26         6.28   -12.42     7.26     0.128
  -35.52   -23.77   -16.84       -34.49   -24.87   -15.84     1.810
  -32.88   -28.49   -23.13       -32.99   -28.79   -22.64     0.587
   -1.15    -5.05    62.42        -1.08    -5.69    63.19     1.008
  -40.11    -7.24   -38.85       -40.25    -7.24   -37.23     1.626
  -42.84    -2.16   -27.84       -42.54    -2.28   -27.84     0.318
   26.47    23.48    -1.15        27.17    23.34    -1.10     0.721
   11.78    22.79   -11.41        11.39    22.49   -11.76     0.605
    1.61   -16.94    -8.86         2.33   -17.63    -9.60     1.248
   22.72    -4.25    22.85        23.95    -3.90    22.92     1.284
   -0.79    -5.27    62.32        -0.81    -5.92    62.98     0.928
   26.95     8.04    26.72        27.08     9.40    26.77     1.366
   33.39    14.15     9.98        33.69    14.37    10.15     0.406
   26.30     9.07   -30.83        27.53     9.30   -30.22     1.393
    4.28    -5.73    62.23         5.09    -5.06    63.42     1.579
   15.18    -6.66   -22.87        13.09    -5.65   -22.15     2.427
  -37.98   -22.97   -19.68       -38.31   -22.90   -19.03     0.738
  -43.02   -15.03   -23.67       -43.11   -15.06   -23.66     0.091
   -6.12    -0.06    57.00        -6.58     1.81    56.59     1.964
  -24.94     8.05   -17.06       -23.34     8.02   -16.88     1.605
   29.75     7.87    18.98        30.38     9.08    18.33     1.513
   -9.53     7.67   -10.27        -8.08     8.04   -10.18     1.493
   20.94   -10.94     1.44        20.40   -11.14     1.78     0.672
  -12.83   -17.93   -46.55       -13.53   -16.41   -47.26     1.819
    2.29   -11.70     7.72         1.02   -11.74     7.26     1.350
  -27.93   -29.10   -17.40       -28.65   -29.38   -17.46     0.782
   25.07    14.48    26.34        25.22    14.57    26.29     0.181
   -3.02    -4.35    58.26        -2.26    -5.40    58.23     1.290
   33.29    12.30    11.45        33.64    13.51    11.36     1.259
   12.15    -6.79    22.40        12.60    -6.93    23.55     1.239
   22.59    -6.57   -25.66        21.52    -5.11   -24.82     1.991
   30.80    19.95     3.89        30.47    20.62     3.39     0.897
   28.15    17.30    14.18        28.38    16.37    15.62     1.732
   21.39   -10.42     1.98        20.87   -10.38     2.67     0.863
    0.85    24.13    15.07         1.44    24.11    17.20     2.208
    8.01    23.20    27.83         8.05    22.98    27.97     0.261
   -7.40     7.76    59.72        -6.91     7.67    59.68     0.509
   35.61     7.06   -19.89        35.35     7.03   -19.79     0.278
   10.66    -6.13    31.29        12.54    -6.36    30.28     2.147
   25.90    18.58    16.76        24.37    21.11    15.90     3.078
   35.09    -3.99    -1.22        34.87    -3.77    -1.18     0.312
   30.72   -10.50   -16.05        30.01   -11.08   -15.41     1.115
   22.17     4.33    46.91        22.30     2.35    46.66     1.999
  -17.49     5.19   -12.19       -17.23     5.33   -12.47     0.408
  -10.55   -20.47   -44.32       -10.56   -19.79   -44.42     0.679
   21.11   -13.69   -21.27        21.26   -13.41   -20.76     0.598
  -11.93   -17.32    -7.46       -11.91   -17.84    -6.92     0.751
   35.04     0.40    11.32        34.58    -0.63    12.31     1.501
  -22.85   -12.90    -6.37       -23.50   -12.60    -5.43     1.184
   -9.36   -28.94   -26.43        -9.03   -29.36   -26.35     0.544
  -27.73   -17.36    -7.92       -27.48   -17.31    -7.26     0.714
  -14.28     9.08   -18.18       -13.09     9.34   -18.30     1.221
  -26.15   -12.39   -49.11       -26.05   -12.36   -48.35     0.765
   36.57    13.37     0.24        36.77    13.48     1.74     1.516
  -38.51   -14.00   -41.69       -38.55   -12.54   -41.22     1.533
  -35.52   -17.71   -43.06       -36.44   -15.83   -42.83     2.108
  -17.14     1.28   -46.48       -16.52     1.63   -45.33     1.356
  -15.04     3.00     0.51       -14.94     2.93     0.48     0.127
  -17.28     1.19   -46.54       -16.58    -0.05   -46.59     1.425
  -13.71   -24.70   -12.17       -13.24   -24.67   -11.24     1.035
  -36.34   -21.96   -15.62       -37.23   -22.68   -16.44     1.414
   36.52    13.69     2.81        36.63    13.76     2.80     0.138
   -9.51   -28.12   -33.14        -9.34   -28.37   -33.18     0.303
   -2.14    20.19     9.79        -1.79    19.82    10.08     0.582
   11.69    -8.41    14.17        13.31    -8.39    14.34     1.624
  -33.77   -27.04   -34.66       -34.21   -26.50   -35.06     0.800
  -11.30    16.31    35.57       -12.50    17.01    36.01     1.457
  -31.46    -7.14    -8.44       -31.72    -7.17    -8.10     0.429
   -6.75    15.85    10.79        -6.30    15.48    11.26     0.749
   15.81    24.52   -14.01        16.77    25.43   -13.87     1.325
   38.57    10.37    -2.85        39.09     9.82    -2.31     0.932
   10.71    -5.04    62.13        11.22    -5.85    62.65     1.092
   -1.06   -10.98   -35.42        -0.87   -12.71   -35.43     1.742
    5.23    -9.81    14.25         4.82   -10.71    13.30     1.371
  -37.14   -24.05   -34.13       -37.34   -24.08   -33.33     0.826
    2.75    -6.31    41.98         2.72    -6.91    41.99     0.601
   38.70     1.56   -12.24        38.32     3.05   -12.75     1.620
   19.61    25.07   -21.15        19.83    25.52   -21.15     0.501
   -4.68    14.69    51.17        -4.18    14.33    52.19     1.192
   -2.58    -4.99    41.07        -3.02    -5.27    40.31     0.920
   19.90   -14.52    -3.63        20.34   -14.29    -3.23     0.635
   -4.83   -24.35   -20.48        -4.44   -24.75   -20.29     0.590
  -32.72   -28.64   -30.84       -32.80   -28.77   -30.85     0.153
   34.27    10.51   -21.38        35.06     9.16   -19.82     2.206
   32.33    -7.34    -4.28        32.25    -7.29    -4.28     0.091
   -8.93   -25.12   -38.62        -7.77   -24.94   -37.56     1.583
   10.94    22.85    -9.32        11.27    23.68    -8.86     1.002
  -21.86    11.48   -34.39       -21.30    10.84   -35.07     1.086
  -14.29    21.46    29.77       -14.58    21.68    28.06     1.751
  -42.93   -12.78   -28.44       -43.60   -14.28   -26.49     2.545
   17.79   -15.82    -3.97        18.09   -17.07    -5.40     1.922
   38.14    -1.47    -9.75        37.92    -1.35    -9.76     0.251
   22.20    18.55    28.47        21.14    20.40    27.46     2.355
   -6.18     0.14    52.67        -5.55    -1.19    52.76     1.470
   23.94    20.39    17.69        23.51    21.28    17.32     1.057
  -15.80   -11.70   -49.22       -15.71   -11.66   -48.52     0.710
   18.51    -9.12     7.54        19.46    -9.74     5.80     2.081
   30.24    20.48    -6.44        30.20    20.66    -4.82     1.633
  -36.17   -24.00   -18.08       -36.49   -24.34   -17.86     0.513
   17.69   -12.08   -19.89        18.10   -11.38   -19.72     0.832
   23.10    13.02    38.52        23.19    13.33    37.26     1.302
   -3.50   -14.60   -40.28        -2.82   -15.07   -39.21     1.350
    6.32   -14.10   -21.10         6.29   -13.93   -21.10     0.173
  -22.06    12.67   -27.21       -22.04    12.36   -27.24     0.310
   -3.01    10.03    -8.22        -2.90     9.66    -8.11     0.409
   -3.61    21.62    37.06        -3.63    21.39    36.88     0.300
   38.54     1.02     6.79        38.68     1.06     6.85     0.160
   17.49   -13.21     0.04        17.06   -13.98    -0.54     1.043
   21.98    17.04    32.85        21.73    17.14    33.89     1.077
   20.99    11.85    55.26        20.62    13.45    54.28     1.914
   -0.31   -19.49   -15.97        -1.61   -21.00   -17.10     2.287
   26.04    20.95    12.49        27.86    20.22    12.14     1.991
  -35.14   -25.40   -18.70       -35.59   -25.55   -18.36     0.581
    2.91    -8.72    19.72         3.32    -9.29    19.35     0.800
  -12.56    24.50    24.74       -12.02    24.18    24.89     0.643
   26.89    12.52    23.46        26.92    13.15    23.57     0.634
   -5.99    19.31    12.06        -6.12    18.08    12.58     1.341
   -4.03    -3.27    56.05        -4.19    -3.40    56.06     0.207
   -0.83   -19.23   -14.60        -1.53   -20.13   -13.98     1.292
   18.56    -9.05     7.73        19.56    -9.68     5.83     2.240
   24.18    22.59    11.22        24.19    22.60    12.16     0.933
   14.21    -4.38    56.20        16.35    -3.90    57.90     2.775
   -4.26    -2.90    56.73        -4.43    -3.05    56.75     0.221
   39.95     5.66     1.53        39.98     6.31     1.60     0.655
  -12.21     5.83     6.57       -11.95     5.65     6.56     0.326
   -2.49    16.52    56.53        -1.42    16.32    58.63     2.367
   30.36    20.50    -2.19        30.55    20.58    -0.77     1.429
   10.44    -7.77    18.06        10.52    -8.12    18.10     0.365
  -34.14    -6.78    -9.40       -33.55    -6.35    -9.11     0.787
  -39.32   -17.01   -38.41       -39.37   -16.00   -38.30     1.019
