200 PA4-G-Unknown-Output.txt
    8.18    21.11    -6.62         7.98    21.17    -6.13     0.541
   -7.86    16.30    13.22        -7.41    15.88    12.77     0.763
   16.22    23.22   -27.72        16.79    23.18   -27.04     0.886
   30.41    -4.41   -25.86        30.45    -4.43   -25.89     0.055
  -40.01   -16.68   -35.66       -39.76   -16.05   -35.85     0.702
  -14.85     5.18    -7.09       -13.93     4.44    -5.17     2.260
   15.17    -5.00    39.52        16.42    -5.28    40.52     1.627
   22.96    -8.71     4.77        24.03    -8.21     6.29     1.931
    9.95    -5.80    34.52         9.91    -6.47    36.36     1.957
  -43.10    -2.26   -25.66       -42.00    -0.98   -25.67     1.692
   29.07    17.32   -23.34        28.96    17.22   -23.23     0.184
   25.55    16.74    24.03        25.05    16.49    23.86     0.581
   28.57    -1.62    18.70        28.68    -1.17    19.18     0.667
  -37.20   -10.89   -43.20       -37.01    -9.16   -43.25     1.744
  -39.37   -10.45   -40.33       -39.44    -9.38   -40.52     1.088
   32.30    -7.78   -17.63        32.19    -8.64   -15.41     2.382
   -8.66   -11.68     1.47        -8.71   -11.99     1.63     0.355
  -25.58     6.84   -39.99       -23.64     7.15   -40.35     2.000
    2.10    23.75    29.90         2.43    23.13    28.97     1.167
  -35.27   -27.24   -24.41       -34.36   -27.87   -22.39     2.303
  -12.52     5.71     2.21       -12.20     5.41     3.05     0.950
  -34.26   -26.22   -17.10       -34.09   -26.00   -16.83     0.381
    9.02     2.20   -19.61         9.30     2.09   -19.50     0.318
  -25.47    -1.37   -46.67       -25.62    -1.10   -46.69     0.307
  -12.05     9.89   -18.95       -12.14     9.48   -19.13     0.452
  -28.79     8.68   -35.34       -27.42     9.58   -34.42     1.882
    9.62    11.18    63.13         9.62    11.18    63.18     0.046
   19.03    18.14    52.61        18.17    17.30    52.46     1.215
  -16.32    12.20   -26.41       -16.45    11.90   -26.42     0.322
   34.18    -6.11   -12.83        34.78    -5.43   -12.42     0.995
   19.57    26.34    -8.43        18.87    26.15    -9.04     0.946
  -39.58    -0.08   -35.38       -39.78    -0.16   -34.03     1.369
   30.82    -9.55   -14.02        31.33    -9.20   -14.06     0.614
   -7.43   -13.29    -0.87        -6.80   -13.01     0.24     1.302
  -35.70    -7.29   -43.72       -35.71    -7.29   -43.73     0.023
   33.36    13.98    11.37        33.31    13.94    11.34     0.067
  -19.58    -5.78    -2.29       -18.32    -5.80    -1.86     1.332
   10.74   -16.26    -7.38        11.17   -16.60    -7.04     0.649
  -11.92   -13.39   -46.48       -12.81   -13.11   -47.40     1.305
    2.02   -18.13   -16.31         2.26   -18.55   -16.28     0.482
   18.46    23.31    22.21        18.94    22.36    23.61     1.760
   -6.32   -24.35   -34.36        -5.89   -25.07   -34.02     0.901
  -16.82   -31.07   -31.93       -16.64   -31.90   -31.09     1.189
   -9.15   -20.36    -9.21        -9.23   -19.65    -8.55     0.975
   30.17    16.26    13.79        30.10    15.83    13.85     0.443
  -31.06    -9.80    -5.61       -31.03    -8.70    -6.39     1.353
   -4.54   -22.88   -33.85        -4.51   -23.52   -34.33     0.793
   32.19    15.45   -20.35        31.65    16.26   -20.37     0.970
   25.17    -4.91    16.14        25.27    -5.19    16.22     0.306
  -26.28   -30.48   -33.79       -26.34   -30.99   -34.08     0.590
  -16.95    -7.04     0.16       -16.64    -6.58     0.63     0.726
   23.94    20.80    19.03        21.71    21.64    20.29     2.698
  -11.80   -19.66    -8.44       -12.23   -19.04    -8.06     0.837
   -6.71    -2.08    29.43        -6.92    -3.09    30.26     1.325
   -6.54     2.00    33.78        -7.01     1.97    34.60     0.946
  -14.30   -19.97   -44.46       -11.87   -19.81   -44.50     2.434
  -19.21     8.19   -15.63       -19.06     7.73   -15.98     0.596
  -33.63     6.62   -16.85       -31.99     6.05   -16.09     1.895
   11.13    25.48    14.29        10.92    24.97    14.36     0.558
   24.03    17.07    28.83        23.91    16.78    26.71     2.149
   -5.38     0.48   -33.30        -5.34     0.84   -31.83     1.503
   16.58    19.36    58.97        15.36    18.53    59.28     1.505
  -12.46    12.18    19.80       -13.45    12.82    18.48     1.765
   21.26    21.72    23.81        20.79    21.13    24.11     0.816
   -3.28     8.12   -17.83        -3.31     7.86   -17.73     0.278
   32.89    17.74   -13.64        34.54    15.43   -13.72     2.833
   15.11   -16.81   -10.53        13.57   -16.83   -10.05     1.616
   -9.67   -22.30   -41.02        -8.66   -23.12   -40.61     1.359
   26.27    -9.73     1.02        27.45    -9.39     2.62     2.011
  -22.62   -32.11   -30.49       -22.60   -32.71   -30.51     0.606
  -33.71    -6.41   -44.89       -34.30    -5.42   -44.32     1.280
  -40.06   -13.10   -38.00       -39.96   -12.45   -36.96     1.234
   -5.92    11.80    44.65        -6.13    13.88    45.46     2.240
   24.46     0.05    32.89        23.67    -1.10    33.09     1.410
  -16.04    10.44   -19.78       -16.00     9.97   -20.01     0.523
  -14.40    14.06    30.30       -15.13    13.78    30.79     0.926
    3.51    23.15     8.03         3.63    22.99     8.09     0.206
   -2.64     1.74   -26.62        -2.61     1.92   -26.76     0.223
   -3.21    15.36    53.64        -3.16    15.31    53.64     0.067
  -21.81     4.20   -42.81       -21.79     4.31   -42.94     0.166
   -8.54    -0.69    22.31        -9.14     0.27    22.42     1.134
   13.79     7.05   -17.34        13.93     7.00   -17.25     0.171
  -36.25   -19.76   -11.69       -35.37   -19.93   -11.73     0.899
   23.53     7.45   -30.65        23.47     7.56   -30.34     0.342
   21.10    22.66    19.42        20.90    21.91    20.34     1.203
    6.01    19.17    -3.92         6.07    19.68    -3.88     0.514
    5.90    24.60    20.22         6.63    24.15    19.25     1.300
   14.40     4.21   -19.70        13.92     4.80   -18.45     1.465
   25.93    24.16     0.67        27.09    23.23     0.66     1.490
   31.33    18.78   -16.75        30.52    19.98   -16.86     1.450
   16.20    12.73    62.99        17.05    13.71    63.21     1.321
   -9.79   -20.76   -42.48        -9.20   -21.35   -42.73     0.874
   19.69    22.22    26.49        19.35    21.59    26.36     0.729
  -14.52   -22.84    -9.06       -13.45   -22.94    -9.46     1.144
   20.99    13.22    61.88        19.80    13.44    61.70     1.222
  -24.91     8.38   -16.09       -23.39     7.69   -16.54     1.729
  -15.06   -15.36   -47.20       -14.96   -15.56   -47.78     0.624
   39.12    10.23     0.68        38.92    10.16     1.84     1.181
   10.59   -14.55   -15.48        10.72   -14.68   -16.01     0.563
  -11.26     7.85    19.25       -11.93     8.78    19.08     1.162
  -35.77   -22.07   -13.46       -36.28   -20.99   -13.05     1.264
  -34.80     5.84   -17.32       -34.11     5.06   -16.03     1.660
   18.19    -3.67    43.44        18.46    -3.90    43.55     0.370
    5.33    -2.12    63.48         5.53    -0.98    63.32     1.170
    1.85    19.23     4.27         2.67    19.78     3.65     1.171
   38.72     0.35     5.95        38.94     1.09     6.19     0.807
   19.98   -13.35    -2.02        20.25   -13.92    -2.69     0.922
   32.48    12.41   -23.34        32.45    12.38   -23.33     0.044
   -0.88   -15.21    -4.44        -0.84   -15.41    -4.32     0.243
   -3.66    -3.58   -32.82        -3.34    -3.01   -32.84     0.657
  -38.52   -14.50   -11.63       -38.36   -12.99   -11.90     1.543
  -39.49     2.57   -20.57       -38.84     2.30   -20.76     0.723
   28.93    -6.75     8.68        30.38    -6.83     8.35     1.487
   19.60    -1.48    50.72        19.68    -1.54    50.82     0.139
    2.14   -15.46   -24.26         2.80   -16.15   -23.40     1.282
   -8.74   -15.42    -4.39        -8.76   -15.58    -4.28     0.190
  -13.29     6.05    -7.62       -13.02     5.76    -8.67     1.124
  -18.31    -4.13   -47.12       -16.60    -4.06   -47.56     1.771
   -2.97    16.84     8.33        -2.27    17.89     8.68     1.314
   31.16     3.35    17.67        30.29     2.53    18.79     1.639
   30.79     8.09   -27.90        30.89     9.07   -27.59     1.038
    4.56    -6.30    59.96         5.04    -7.47    59.92     1.258
   25.58    -2.43    23.09        27.18    -1.26    22.05     2.240
   23.31     2.38    43.58        22.97     2.50    43.52     0.360
   -8.79   -17.89    -7.02        -8.57   -17.66    -6.82     0.376
  -17.89    -1.04    -0.73       -16.97     0.82    -0.79     2.075
   36.67    13.87     5.96        36.57    13.78     5.91     0.146
    0.55    17.98    58.57         0.75    17.64    58.54     0.395
   16.25   -11.66   -18.88        16.44   -11.73   -18.93     0.210
   -3.04    24.74    19.73        -3.03    24.08    20.11     0.764
   30.34    -8.59    -0.58        31.10    -8.24    -0.40     0.857
    0.77    11.43    -7.65        -0.37    10.46    -7.93     1.532
   -9.32   -10.39     3.11        -9.47   -10.67     2.94     0.359
  -12.32     5.46     7.43       -12.12     5.32     7.42     0.239
  -34.95   -17.93    -9.59       -34.11   -18.03    -9.53     0.842
   -2.36   -10.26   -36.95        -1.29    -9.80   -35.60     1.783
   24.48    -4.16   -26.48        24.47    -4.12   -26.35     0.134
   20.89     8.04   -29.44        21.01     8.04   -29.18     0.290
   16.90    -8.55    10.24        17.18    -8.91    10.17     0.458
   -6.01     8.43    56.88        -6.25     9.68    55.68     1.754
   13.14    -6.91    18.84        13.88    -7.39    18.14     1.125
  -15.34     7.13   -39.80       -15.30     7.22   -39.88     0.123
   13.23    23.30   -15.55        13.30    23.21   -15.53     0.116
  -39.13    -2.22   -37.98       -38.49    -1.34   -38.20     1.105
   -8.79     8.86   -21.29        -8.87     8.64   -21.31     0.242
    1.34    -4.87   -26.09         1.39    -4.51   -26.27     0.402
  -23.33    -1.70   -47.03       -23.30    -1.55   -47.37     0.380
   11.30    21.98    47.82        11.45    21.36    47.88     0.641
   -5.66     0.69   -35.63        -5.15     0.74   -34.86     0.922
  -26.05    12.13   -24.50       -26.72    11.36   -23.42     1.486
  -13.85    10.59   -19.79       -13.46    10.21   -20.06     0.608
   -8.65    15.44    38.31        -9.30    17.32    38.88     2.070
  -25.80    -7.28    -6.01       -23.84    -6.22    -6.06     2.233
   -3.83   -24.55   -23.42        -3.51   -24.88   -23.33     0.466
   -9.61   -10.94   -45.71        -9.17    -9.48   -46.46     1.703
   21.48    12.56    60.95        19.80    13.44    61.70     2.039
  -29.28     4.11   -41.03       -31.32     3.32   -40.63     2.223
  -40.45   -21.68   -26.65       -41.19   -20.36   -25.48     1.909
    6.29    25.00    16.63         6.70    24.28    18.45     1.991
   18.16    19.33    50.10        17.19    18.41    51.36     1.831
   34.70    11.31   -18.53        34.71    12.60   -16.66     2.270
  -25.55    11.85   -22.26       -26.77    11.12   -22.53     1.449
    0.13    24.40    17.59         1.43    24.10    17.61     1.342
  -35.23   -23.77   -14.90       -34.55   -24.28   -15.13     0.881
   36.72    13.67     6.29        36.61    13.57     6.24     0.161
  -35.53     0.31   -40.59       -36.00     1.01   -39.44     1.428
   -4.72   -19.95   -11.19        -5.44   -20.25   -10.74     0.904
    0.62     8.71   -15.32         0.13     9.13   -13.68     1.756
   38.62     2.39   -12.21        38.32     3.05   -12.75     0.904
   -9.80    25.60    24.51        -9.48    25.02    24.52     0.659
   34.59    -2.91    10.29        34.76    -3.80     9.42     1.251
   24.04    12.34    41.13        23.00    12.75    41.18     1.122
    8.56    18.31    -8.82         8.49    19.42    -8.46     1.169
  -33.90     6.20   -16.20       -33.44     5.49   -16.13     0.849
   -4.82    12.23    59.48        -5.01    12.36    59.51     0.235
  -23.14   -16.90    -5.64       -23.15   -16.75    -6.14     0.521
   19.65     6.67   -27.96        20.15     6.73   -28.34     0.629
    0.08    18.00     5.06        -0.56    18.14     6.39     1.486
   35.35    15.09    -4.05        34.24    15.90    -2.41     2.152
  -43.87   -13.88   -24.65       -43.58   -13.80   -24.69     0.303
   -5.85     2.49    40.77        -6.59     2.36    40.94     0.773
  -24.41   -30.15   -16.47       -23.82   -29.92   -15.82     0.901
   -8.79    25.36    29.58        -8.81    24.53    29.31     0.868
  -39.16   -22.16   -19.31       -39.06   -22.05   -19.15     0.222
   29.86    -6.03     9.98        30.74    -6.09     9.79     0.898
   14.53    -1.32    63.07        16.17    -0.98    62.96     1.676
   -1.29     6.33    63.47        -1.25     6.34    63.34     0.133
   25.37    -8.47     4.61        25.58    -8.24     6.09     1.510
   26.16    -8.76     3.74        27.48    -8.98     3.78     1.342
  -41.84    -0.79   -21.82       -41.19    -0.88   -21.84     0.665
    4.04   -16.83   -17.42         5.74   -16.57   -16.49     1.965
  -31.18   -28.75   -33.40       -30.80   -29.76   -32.57     1.367
   15.76    25.33    13.82        15.69    24.88    13.73     0.467
   -9.45   -10.79     2.74        -9.48   -10.84     2.80     0.084
  -12.43   -24.98   -40.34       -12.12   -25.68   -40.69     0.844
   13.88    -2.55   -22.17        13.84    -1.42   -22.13     1.133
   36.26     4.90    10.66        36.29     4.90    10.69     0.039
    1.48    22.51     9.69         1.33    22.21     9.83     0.360
   17.29    -4.51    38.51        17.46    -4.88    38.53     0.404
    8.77    21.23    56.75         9.21    20.75    56.72     0.650
