200 PA4-H-Unknown-Output.txt
   22.41    -3.81    25.07        23.72    -3.48    24.98     1.357
   -5.71   -25.21   -18.16        -5.59   -24.20   -17.23     1.381
   -8.92    -2.23    16.79        -9.29    -3.16    18.23     1.757
   -5.06    11.11    57.95        -5.62    11.40    58.39     0.775
    5.18    14.81    -5.98         5.26    16.87    -3.83     2.979
   12.08    14.48   -11.14        11.17    14.60   -11.13     0.916
    2.61    -6.38    54.22         1.74    -7.13    55.08     1.433
   -1.06    -6.45   -31.62        -1.66    -5.58   -30.44     1.592
   -5.52    11.69     4.34        -5.57    11.76     4.31     0.083
   23.42     8.06   -29.82        23.24     8.06   -30.22     0.438
  -18.66     7.56   -14.95       -17.31     6.94   -14.16     1.685
   21.95    21.44    25.69        21.25    20.62    25.55     1.088
  -13.55     5.34    -6.42       -13.16     5.09    -5.28     1.228
    9.27   -12.25     4.65         9.53   -12.76     5.63     1.130
    4.18   -17.28   -12.34         4.10   -17.45   -12.26     0.200
  -15.20   -10.73   -48.10       -15.56   -10.86   -48.58     0.612
  -12.91   -17.69   -45.86       -13.53   -16.41   -47.26     1.998
   14.84    22.60    46.83        14.06    21.88    47.73     1.389
   -8.74    -2.52    17.32        -9.29    -3.16    18.23     1.241
    0.78    18.03    56.91         0.60    17.99    55.53     1.397
   -5.94     4.15   -32.20        -6.85     4.46   -30.93     1.594
   26.04    -7.20     6.35        27.53    -8.28     5.82     1.913
   -6.93   -23.15   -38.65        -6.44   -23.24   -37.95     0.854
    7.29    22.82    -2.04         7.31    22.72    -2.31     0.291
   33.74     8.44    14.31        32.74     9.63    13.74     1.655
   34.02    16.10    10.02        33.22    15.43     9.55     1.139
   15.00    -8.26    12.12        14.26    -8.34    13.90     1.926
  -23.53    10.69   -34.12       -23.51    10.58   -34.09     0.123
    0.45   -14.43   -34.20        -0.56   -14.46   -35.17     1.402
  -32.34   -17.88   -43.50       -32.81   -18.09   -44.16     0.838
   -2.73    -3.16    58.20        -2.26    -5.40    58.23     2.284
   18.39    17.88    57.01        17.37    17.12    58.66     2.078
   18.96     1.00    62.74        19.04     2.60    62.98     1.613
  -15.72     4.74   -42.51       -15.77     5.08   -42.24     0.434
   -1.12   -14.32    -2.82        -1.10   -14.59    -2.70     0.298
   14.91   -12.69   -16.60        16.86   -14.06   -17.17     2.450
  -33.80   -18.97   -10.26       -33.61   -18.80    -9.48     0.823
   -4.05    16.35     9.56        -4.05    16.56     9.53     0.210
  -10.76     7.31    18.10       -11.89     8.67    18.30     1.781
   23.26    -2.83   -25.51        22.80    -1.94   -26.00     1.119
    0.01   -20.31   -28.34        -0.41   -20.10   -28.29     0.479
  -31.38   -25.78   -14.72       -31.71   -26.30   -15.07     0.704
  -11.39    19.46    36.13       -11.37    19.45    36.11     0.020
   12.24    26.39    -5.92        12.45    25.93    -5.82     0.510
    2.93    -6.12   -25.97         3.41    -5.52   -25.00     1.241
   32.44     2.29   -25.53        32.42     2.25   -24.95     0.580
    4.45    13.67    -6.57         5.15    12.31    -8.67     2.603
    3.11    -6.23    44.35         4.83    -6.99    43.93     1.929
   24.95     3.81    38.61        23.83     2.93    39.76     1.828
    5.30    -1.72    63.69         5.53    -0.98    63.32     0.854
  -27.57     4.50   -13.51       -26.86     4.99   -14.27     1.145
   21.26     1.97   -25.17        19.81     1.67   -24.70     1.554
   18.12     7.88    63.40        17.98     9.88    63.13     2.026
   -5.30    11.34    49.08        -5.01    13.97    49.01     2.645
   20.12    -3.98    31.52        20.29    -4.13    32.86     1.360
   -0.36   -10.08   -35.09        -1.08   -10.19   -34.93     0.748
   20.07    -0.02    58.78        19.65     0.20    58.73     0.482
    4.16    -8.47    20.73         5.03    -8.63    20.76     0.878
   27.05     8.86   -30.02        27.60     9.08   -30.27     0.640
   -5.93     3.68   -34.71        -6.92     4.65   -33.54     1.816
   -1.96    -5.32   -34.92        -3.09    -5.57   -33.80     1.616
  -14.33   -14.14   -47.70       -14.77   -13.20   -48.55     1.335
   19.94    -6.68    13.43        19.98    -7.30    13.61     0.656
  -10.39   -29.18   -31.68       -10.28   -29.35   -30.81     0.889
  -18.31   -19.95    -6.53       -18.09   -20.18    -7.00     0.572
   23.36    15.02    38.42        22.40    14.63    37.52     1.373
    9.45    -5.97    35.30         9.46    -6.53    36.32     1.164
  -11.74    10.64   -25.19       -12.44    10.63   -23.85     1.513
  -25.77     2.49   -43.61       -25.89     2.74   -43.75     0.311
   36.11    15.24   -11.07        35.36    14.94   -10.90     0.826
  -17.01    -0.71    -0.84       -16.91     0.80    -0.65     1.526
    0.25   -20.72   -22.40         0.13   -20.60   -22.40     0.166
    3.65   -12.39     1.38         5.62   -13.42     1.68     2.245
   -3.39    14.53     6.24        -4.70    13.75     7.10     1.747
  -24.44    -9.13    -5.79       -24.39    -9.15    -5.86     0.086
  -13.06     4.95    -2.82       -13.28     4.81    -0.93     1.909
   17.84    26.32   -19.92        18.01    25.39   -19.98     0.951
  -25.37   -23.74   -42.93       -25.09   -24.45   -43.23     0.822
   16.67    11.52   -22.70        15.38    12.40   -20.74     2.508
   -7.70     3.20    27.13        -8.69     4.68    27.79     1.896
   25.49    25.08     2.92        26.99    23.08     2.86     2.490
   36.73    -1.40     9.27        36.18    -1.33    10.03     0.938
  -33.45   -14.34    -7.63       -33.48   -12.70    -7.39     1.654
  -15.18    20.79    25.60       -15.29    21.31    25.95     0.631
  -17.13   -27.63   -12.77       -15.80   -26.91   -12.60     1.517
   15.99     0.31    63.27        16.30     0.28    62.96     0.447
  -32.19   -26.79   -16.74       -32.72   -27.09   -16.55     0.637
  -23.42    11.05   -33.01       -23.40    10.98   -32.98     0.079
   12.99     3.22   -19.43        13.74     4.46   -18.35     1.813
   -5.74    10.07    -1.42        -5.40    10.42    -0.03     1.479
    7.55   -12.06     4.77         9.53   -12.76     5.63     2.272
  -29.70   -29.79   -30.78       -29.54   -30.73   -30.59     0.974
  -17.30    -7.70   -48.04       -16.58    -5.79   -47.75     2.061
  -27.21     1.08   -12.00       -27.38     1.83   -12.85     1.150
  -11.23   -21.99    -9.82       -11.21   -21.70   -10.17     0.456
   -6.31    21.74    15.94        -6.17    22.05    16.41     0.573
  -15.94   -28.05   -13.96       -15.80   -26.91   -12.60     1.780
   25.36    23.88    10.01        24.92    22.84     9.78     1.153
  -22.21     3.79   -43.36       -22.20     3.84   -43.42     0.074
   28.68    23.14   -12.58        28.08    22.20   -12.52     1.114
   17.87     1.22    63.25        17.96     2.66    62.97     1.465
   -5.55     1.97    43.77        -6.52     1.88    44.18     1.055
   22.53    -4.68    20.83        24.09    -4.14    21.70     1.859
   38.02     3.00   -14.51        37.47     3.16   -14.16     0.670
   38.45     8.61   -10.95        37.50     9.51   -10.57     1.359
   23.17     3.03    46.78        22.30     2.35    46.66     1.108
    2.06     1.71   -23.51         1.77     1.44   -23.20     0.500
   -8.85     8.64    30.39        -9.84     8.92    31.14     1.273
   16.76    -5.08    31.57        16.97    -5.64    31.65     0.599
   15.56    -5.26    31.25        16.57    -5.84    31.30     1.170
   33.63    15.32    11.70        31.89    15.55    11.66     1.758
  -28.28   -14.37    -6.13       -27.98   -13.20    -6.04     1.211
   30.54    -2.72    14.40        31.35    -1.50    15.41     1.774
   -2.55     1.60   -27.66        -2.61     1.77   -26.95     0.734
   -9.21    15.25    14.38        -9.03    15.77    13.68     0.890
  -22.17    12.21   -21.07       -20.81    12.03   -20.72     1.413
   -4.84    14.78     8.67        -5.34    14.89     8.86     0.553
   18.28     5.36    63.36        17.57     4.74    63.09     0.981
  -24.89   -32.10   -24.79       -23.50   -32.74   -23.96     1.737
   14.83    15.79    63.43        14.66    17.28    62.63     1.699
  -26.58   -28.63   -36.85       -26.66   -29.71   -36.16     1.281
  -14.27     5.62    -9.32       -14.17     5.42    -9.39     0.238
   25.34   -11.64    -3.62        25.54   -11.76    -3.17     0.511
  -15.17   -20.48   -45.08       -14.83   -19.76   -45.82     1.083
   10.61    27.15     5.05         8.97    26.08     3.63     2.424
  -18.75    12.34   -21.57       -19.47    11.34   -20.46     1.658
  -30.49     7.30   -15.96       -30.44     7.18   -15.89     0.148
    0.60    17.49     4.34         1.28    18.00     4.12     0.879
   19.68     5.93    62.99        19.51     5.81    62.37     0.658
   -0.10   -19.36   -31.73        -0.67   -19.57   -31.64     0.616
   14.86    27.10    10.05        15.22    25.96    10.23     1.210
   19.44    13.10    63.27        19.80    13.44    61.70     1.647
   34.51    18.07     4.42        33.53    17.21     5.87     1.946
   10.02    19.93    61.03        10.17    19.62    60.79     0.421
   -2.03    -4.41    45.72        -2.85    -4.99    46.03     1.061
   -9.17   -18.31    -7.48        -8.52   -17.69    -6.84     1.105
   11.06    -2.95    63.67        12.13    -4.86    63.31     2.214
  -13.89    -8.52   -47.65       -13.55    -9.63   -47.99     1.208
   -5.01     9.37    -9.33        -3.96     9.23    -8.48     1.354
   -3.71    17.86    10.72        -4.56    18.21    11.48     1.197
   25.75    16.22   -27.87        24.01    16.16   -28.26     1.786
    2.12   -10.31    13.01         2.66   -10.97    12.15     1.215
   19.45    -4.52    28.28        19.97    -4.85    29.52     1.380
  -11.07   -17.35   -45.09        -9.20   -16.54   -44.58     2.101
   -8.60    22.37    35.48        -6.60    22.87    34.88     2.151
   -1.63    -4.96    42.18        -2.60    -5.57    43.29     1.599
  -17.34   -26.79   -11.69       -15.93   -26.24   -12.02     1.553
   39.38    11.59     0.50        38.38    11.02     1.79     1.730
   29.73    -0.76    18.44        29.42    -0.67    18.40     0.323
    5.41   -15.01   -20.68         5.91   -15.07   -19.91     0.923
  -39.78   -20.02   -20.34       -40.42   -20.00   -19.21     1.295
   36.61    14.68     7.83        35.75    13.90     7.43     1.234
  -24.26    12.25   -25.52       -23.53    11.90   -23.95     1.767
    8.31    25.69    14.84         9.20    25.07    14.73     1.086
   -2.37   -21.16   -34.59        -2.37   -20.92   -34.47     0.267
  -35.77    -6.41    -9.85       -33.94    -5.47    -9.63     2.066
   28.93    -8.36     1.95        30.51    -8.25     2.13     1.598
   32.21    19.18     9.36        30.63    19.35     9.23     1.590
  -17.96    -4.38   -47.55       -16.60    -4.35   -47.59     1.366
    7.99   -15.34    -9.80         9.22   -16.15    -8.38     2.050
  -10.93     9.31   -30.86        -9.60     8.06   -29.58     2.229
   22.03     0.36    46.98        20.88    -0.75    47.03     1.602
  -21.23   -21.49   -45.47       -20.00   -22.55   -46.17     1.769
   21.27    -3.06   -23.94        20.85    -1.98   -24.26     1.206
   -5.10   -22.94   -14.88        -5.57   -22.68   -14.38     0.733
   28.86    21.78    10.34        28.23    20.87     9.96     1.177
   32.05    17.14    11.89        31.71    16.60    11.05     1.058
   -2.41    -3.28   -31.83        -2.95    -3.16   -30.93     1.050
  -12.27   -24.65   -41.40       -12.26   -25.71   -40.74     1.247
   16.55    11.35   -25.08        16.55    10.21   -24.40     1.324
  -15.79     4.32    -8.18       -15.74     4.43    -9.01     0.842
    5.99    14.71    -7.03         6.94    16.66    -6.60     2.211
   40.34     8.61    -4.46        39.24     9.56    -2.71     2.272
   24.53    23.07    14.08        24.22    22.02    13.67     1.164
   24.85    23.44   -22.45        25.93    22.25   -21.52     1.859
    6.67    21.26    43.42         8.67    20.92    43.52     2.035
   10.83    -8.72   -21.72        10.88    -8.64   -21.83     0.148
   -7.45     4.60   -36.06        -7.03     4.77   -33.53     2.563
  -10.50   -12.81    -1.45        -9.74   -12.75    -0.11     1.536
  -36.89    -7.53   -10.04       -36.95    -7.47    -9.94     0.131
   24.06    16.49    31.68        22.26    17.71    31.11     2.251
    4.41   -11.91     4.31         5.11   -12.31     5.97     1.852
   23.42   -13.26    -4.52        23.52   -13.46    -4.36     0.270
  -14.69    13.58    30.00       -14.25    12.18    30.26     1.495
   -4.29    13.40     5.85        -4.91    13.53     7.01     1.326
   -0.90    10.55    -8.63        -0.89    10.27    -8.04     0.652
   -7.12     7.08    34.31        -7.92     6.79    34.39     0.853
   12.08    22.44    43.23        13.24    22.21    43.91     1.366
  -20.35    -8.47    -3.27       -20.32    -8.47    -3.36     0.095
   14.06    -5.36    38.76        14.25    -5.96    40.52     1.862
    3.40    24.19    25.95         5.29    23.21    25.87     2.126
   -4.96    18.56    12.47        -6.07    18.06    12.54     1.224
   31.86    15.74    13.30        30.87    15.58    13.05     1.034
  -30.67     5.68   -38.37       -29.95     6.35   -38.37     0.983
  -28.39   -16.80   -46.32       -27.89   -16.51   -47.13     0.998
  -36.30     2.92   -34.99       -35.44     3.71   -36.58     1.963
    8.54    -1.75   -22.14         9.78    -1.92   -21.81     1.291
   31.68    18.06    11.52        31.61    17.16    10.72     1.201
  -26.80   -20.07   -45.57       -26.89   -20.39   -46.23     0.734
   32.60    -6.28    -0.18        32.76    -6.47    -0.17     0.244
