200 PA4-B-Debug-Output.txt
  -10.60   -25.59   -15.26        -9.40   -25.66   -15.15     1.210
    4.12    -7.03    55.16         4.89    -7.42    55.13     0.858
   16.82    27.77    -3.57        16.72    27.27    -2.26     1.406
  -10.82   -28.54   -20.92        -9.55   -28.07   -19.02     2.330
   25.86    21.66    13.21        25.64    21.32    13.08     0.425
  -22.01   -18.12    -6.44       -20.79   -16.48    -6.11     2.068
   24.28    16.93   -28.16        23.92    16.80   -27.97     0.420
   -1.51    16.64    55.60        -1.35    16.44    55.56     0.257
   14.35    -1.23   -22.36        14.36    -1.35   -22.13     0.261
  -28.08   -10.79    -6.57       -27.56   -10.16    -6.90     0.884
   -6.92     8.55    45.63        -6.65     9.96    45.77     1.437
   -9.04     7.88   -26.51        -9.05     7.71   -26.14     0.398
   20.08   -11.14   -21.04        19.89   -11.13   -21.11     0.201
   20.49   -13.50   -17.57        19.27   -12.15   -19.44     2.610
   16.75    11.42   -27.90        15.80    12.42   -28.47     1.491
   25.97     6.08    30.94        25.81     6.06    32.48     1.553
    5.96    -6.61    46.37         6.14    -7.02    47.63     1.339
  -29.67   -23.75   -10.56       -30.57   -22.27    -9.21     2.201
   36.28    14.07     6.92        36.53    13.53     6.49     0.733
  -13.83     6.03    -8.26       -13.52     5.52    -8.73     0.760
   37.20    -0.02    -1.13        37.97    -0.54    -1.18     0.936
   36.97     4.12   -14.66        37.05     4.08   -14.59     0.110
   20.26     4.31   -27.00        20.55     4.94   -28.12     1.313
  -27.29   -11.80    -6.29       -27.29   -11.84    -6.42     0.129
   -4.43   -25.16   -26.98        -3.49   -25.51   -25.60     1.707
  -10.97     7.62    -9.80       -12.15     6.31    -8.87     1.988
  -40.11   -12.18   -35.48       -39.84   -12.11   -35.52     0.281
   37.28    -0.05    -4.74        38.41    -0.10    -5.16     1.205
    2.21    -6.46    45.74         2.19    -6.82    45.74     0.360
   15.72     3.61   -21.87        16.90     4.43   -21.95     1.442
   12.49    -5.78    45.73        13.69    -5.92    44.65     1.621
  -12.09   -27.18   -16.31       -12.51   -27.02   -14.90     1.480
   -3.98    19.56    11.32        -3.17    20.15    12.12     1.282
   11.93   -10.17     8.41        13.25   -10.02    10.37     2.364
  -38.85   -18.49   -37.51       -39.22   -18.39   -36.09     1.472
  -21.72   -19.66    -6.73       -20.55   -19.86    -6.56     1.195
   28.58    -0.64    18.52        28.89    -0.70    19.13     0.688
   13.79    24.26    21.73        13.68    23.73    21.65     0.549
   39.41     5.86     2.72        39.90     6.17     2.79     0.585
   14.60   -10.90     5.22        13.48   -11.21     6.61     1.811
   -4.70    -2.41    61.67        -4.31    -3.00    62.75     1.283
   16.72    27.03     7.28        16.58    26.44     7.16     0.617
  -16.31   -11.94    -3.11       -17.40   -10.13    -2.08     2.352
    2.08    24.65    15.49         1.52    24.11    17.22     1.893
   37.29    12.25    -6.44        37.14    12.42    -5.91     0.577
   -4.94    -0.57    62.68        -4.99    -1.53    62.63     0.963
  -31.63    -8.26    -7.09       -31.49    -8.42    -7.48     0.444
  -43.98    -5.27   -22.90       -43.27    -4.55   -23.59     1.223
   -5.84   -26.09   -24.28        -5.56   -26.71   -24.22     0.684
   31.72    19.41    -4.20        30.91    20.09    -4.74     1.187
   -1.37    -2.74   -28.31        -0.97    -2.96   -27.74     0.733
   10.57    -6.35    25.36         8.98    -7.03    26.53     2.088
  -37.13     6.08   -25.21       -37.20     5.21   -25.34     0.879
   31.15    14.92   -22.98        30.44    15.14   -23.43     0.869
  -39.95   -19.21   -17.32       -39.84   -19.09   -17.17     0.232
   32.49     7.76   -24.70        32.69     8.74   -25.28     1.154
    4.04   -15.32   -21.04         4.31   -15.63   -21.43     0.563
   -1.14    22.24    35.17        -2.88    21.75    36.32     2.150
  -32.01     5.86   -14.92       -30.59     6.06   -14.83     1.439
  -42.41   -17.01   -28.67       -43.22   -16.03   -27.71     1.590
  -37.80   -11.23   -10.44       -37.66   -11.22   -10.53     0.169
  -17.57    11.34   -34.34       -16.79    10.74   -34.22     0.997
   21.34     1.27    48.55        21.35     1.36    50.62     2.072
   18.62    24.68    14.49        17.15    24.74    13.31     1.882
   24.80    24.51     5.67        23.88    24.43     5.10     1.087
  -21.32   -30.17   -16.62       -20.29   -30.33   -15.97     1.232
   -9.86    -1.19    17.68        -9.92     0.40    18.47     1.772
   12.36    17.52   -17.71        12.41    17.54   -17.71     0.051
  -35.04   -24.23   -15.97       -34.52   -24.65   -15.57     0.780
  -14.83    22.19    23.48       -15.27    20.53    22.86     1.830
   -4.03    -9.77    10.42        -6.02    -9.45    10.94     2.078
   27.61    17.53   -24.92        26.81    19.02   -23.99     1.926
   33.10    18.18     5.70        32.66    18.16     5.88     0.480
   25.80    21.04    14.27        24.37    21.11    15.90     2.169
   10.09    22.27    39.01        10.19    21.80    40.43     1.490
   26.43    -3.03   -26.73        27.29    -3.44   -27.13     1.032
   26.85    23.24   -18.33        27.02    22.97   -17.09     1.276
   28.63    21.57     8.90        28.37    21.20     8.93     0.455
  -41.15   -11.90   -30.18       -40.82   -12.80   -29.89     1.003
   -3.36    15.64    51.73        -3.13    15.41    52.21     0.575
    6.22    18.27    62.78         6.11    17.65    63.21     0.764
   32.33    13.56    12.39        31.76    13.45    13.11     0.928
  -25.40    11.76   -20.98       -23.60    11.66   -20.32     1.922
   20.86     4.28    60.22        20.74     4.18    61.56     1.352
   35.76    -1.96     7.85        37.13    -1.68     7.97     1.407
   34.79    16.03    -5.98        34.45    15.90    -6.09     0.382
   -6.40     1.27    41.91        -6.43     1.27    41.91     0.035
   -9.52   -24.58   -14.50        -8.88   -24.68   -14.11     0.759
  -14.69     9.76   -18.09       -13.15     9.46   -18.55     1.637
   -5.79    -0.14    47.82        -5.63    -1.07    47.22     1.111
   17.69    23.25    24.40        17.54    22.74    24.37     0.540
   29.49     1.23   -27.95        30.05     2.44   -28.85     1.608
   26.53    11.50    26.26        26.29    12.75    25.94     1.315
  -27.08   -26.75   -39.94       -26.94   -27.28   -39.89     0.555
   36.70     5.21   -14.75        37.15     5.46   -13.99     0.916
    4.40    -5.72   -24.47         3.85    -5.38   -24.69     0.683
   -2.82     0.72   -27.71        -2.61     1.77   -26.95     1.310
   30.86    16.34    12.46        30.87    15.58    13.05     0.967
  -37.37   -17.18   -11.82       -37.33   -17.16   -11.85     0.059
   23.39    25.15     5.61        23.18    24.62     5.46     0.595
   -7.57   -24.51   -36.71        -7.23   -24.86   -36.96     0.545
   31.33    12.71   -24.86        31.85    13.18   -23.38     1.636
    2.44    -6.48    45.64         2.42    -6.83    45.64     0.353
   10.23   -15.58    -8.96         9.98   -16.34    -8.31     1.032
   37.62     0.32   -12.06        38.39     0.30   -12.34     0.828
   -4.74    12.52     2.11        -4.35    12.02     2.28     0.663
   38.18     3.11   -12.30        38.37     3.27   -12.60     0.385
  -23.82     3.97   -13.25       -23.58     4.83   -13.86     1.083
   24.53    24.28     7.18        24.17    23.36     8.84     1.940
    7.68    23.29    29.16         7.47    22.85    28.70     0.674
   35.37     1.01    11.01        36.01     2.26    11.19     1.419
  -16.34    20.19    24.80       -15.94    20.00    24.78     0.440
  -38.63     4.02   -22.20       -38.21     3.62   -22.36     0.597
   -8.20    20.35    14.92        -8.07    20.14    15.15     0.347
   30.94     3.36   -26.74        31.27     3.32   -26.96     0.398
   -2.59    -6.88   -34.11        -3.09    -5.57   -33.80     1.430
  -16.93    11.77   -31.98       -16.56    11.37   -31.68     0.620
  -42.23   -13.87   -18.25       -42.26   -12.64   -18.12     1.241
  -12.91   -22.86   -43.14       -12.68   -23.25   -43.47     0.557
   26.93    11.12    25.28        26.29    12.75    25.94     1.871
  -34.96   -21.92   -12.82       -36.28   -20.99   -13.05     1.634
   30.92    20.39    -2.65        30.78    20.41    -0.79     1.865
  -16.77    -0.57   -46.94       -16.47    -0.13   -46.59     0.635
    5.72     7.14   -16.61         5.44     8.92   -14.15     3.050
  -14.97    11.77   -26.00       -13.62    10.79   -27.03     1.955
  -24.09    -8.34    -5.53       -23.96    -8.38    -5.70     0.214
   19.08    21.08    31.91        17.74    21.96    30.66     2.030
   14.46    -5.36    41.13        14.60    -5.82    41.15     0.492
  -38.57    -1.87   -39.16       -38.49    -1.34   -38.20     1.091
  -39.00   -17.48   -14.33       -38.94   -17.46   -14.38     0.081
   -7.99    12.50    39.97        -8.02    13.52    39.95     1.021
   21.42    -0.40    42.34        21.69    -0.41    43.34     1.032
   11.11    23.32    29.24        11.35    22.56    30.19     1.232
   32.20    14.12   -22.15        32.87    14.11   -20.35     1.912
    8.93    12.54   -11.39         9.22    11.99   -10.90     0.787
   17.41    18.13   -30.85        18.00    19.20   -30.04     1.466
   -7.71    22.77    17.44        -7.94    22.70    18.09     0.693
   11.14    23.87    25.34        11.13    23.29    25.27     0.585
  -35.23     1.27   -40.50       -34.25     1.72   -40.21     1.113
  -29.04   -30.70   -23.18       -30.99   -30.14   -23.00     2.038
  -43.69   -13.84   -23.97       -43.49   -13.78   -24.00     0.207
   -5.98     1.50    60.02        -6.38     2.25    60.09     0.852
   28.25    21.33   -20.60        28.01    21.05   -20.44     0.404
  -11.56   -28.15   -35.01        -9.81   -27.58   -35.67     1.951
   27.17     1.43    24.05        28.52     2.00    22.35     2.239
   28.34    18.52    13.64        29.21    17.38    13.44     1.442
   -5.30   -17.39    -8.45        -5.66   -17.70    -7.49     1.069
   14.86    25.50   -15.73        15.43    24.51   -15.64     1.149
  -31.69   -12.14   -46.78       -31.27   -13.11   -46.73     1.057
   17.10    15.80   -31.06        16.64    16.36   -31.08     0.727
   31.34    13.08    13.73        31.33    13.43    13.74     0.347
   24.33    13.52    32.28        24.09    13.31    33.63     1.389
  -37.84     3.23   -34.02       -38.58     1.77   -33.75     1.660
  -22.43     3.68   -43.95       -22.47     3.51   -43.75     0.265
    4.99    -3.61   -23.66         5.00    -2.64   -23.36     1.020
   11.55    26.92    -4.46        11.71    25.99    -4.06     1.021
   -6.93    21.85    15.77        -6.17    22.05    16.41     1.008
  -19.34   -27.27   -12.58       -19.26   -27.59   -12.31     0.431
   -3.58   -23.05   -30.60        -3.15   -23.90   -29.54     1.426
   -1.68    17.86    48.70         0.47    18.79    49.14     2.388
   22.92    22.43    15.97        22.72    21.90    16.23     0.622
   -7.04     5.77    60.45        -7.07     6.37    60.85     0.722
  -15.54   -10.26    -1.20       -15.95   -10.01    -0.76     0.658
   -2.24     0.39   -27.13        -1.39    -0.10   -26.34     1.259
  -12.04   -15.38    -4.88       -12.26   -15.67    -4.41     0.597
   13.93    -5.82    25.92        13.96    -6.36    26.76     0.993
   18.20    18.78    45.88        17.64    18.40    48.05     2.265
   22.64    22.83    15.29        22.46    22.03    16.29     1.295
   11.72    26.22    -7.40        12.06    25.31    -7.17     0.996
    9.15    23.79    26.16         9.33    23.23    26.10     0.597
  -23.49    12.50   -29.37       -23.44    11.60   -31.03     1.882
   14.68   -16.39    -9.74        13.57   -16.83   -10.05     1.231
  -22.22    -3.03   -47.48       -22.33    -1.94   -47.44     1.092
  -18.17   -30.12   -17.14       -17.11   -29.59   -15.99     1.647
   -3.59     9.73   -11.08        -3.56     9.05   -11.03     0.681
   14.54    12.02    63.07        14.48    13.62    63.12     1.603
  -41.42   -15.85   -30.77       -41.59   -15.62   -30.01     0.819
   10.54    21.25    54.28        10.40    20.71    55.38     1.237
   20.73    -9.65   -21.93        20.15    -9.64   -21.97     0.585
   -4.00    13.94    59.87        -3.54    14.32    59.81     0.592
    5.79   -13.97   -20.35         6.33   -14.72   -19.83     1.065
   15.28    -5.03    42.25        16.42    -5.08    43.73     1.864
   31.73     5.91   -25.83        32.09     5.96   -26.04     0.415
   16.55    -5.56    25.09        16.66    -6.23    25.15     0.675
   -6.33    11.20     2.21        -6.29    10.73     3.30     1.193
  -15.03    14.39    31.65       -14.87    14.44    31.55     0.193
    6.19   -14.08   -19.31         6.64   -14.56   -19.50     0.684
   17.36     8.69    63.01        17.30     9.84    63.18     1.158
    6.96    18.44    -7.20         7.29    19.63    -6.23     1.566
   38.65     1.67   -10.08        38.74     0.87   -11.45     1.584
   -9.59     7.84   -31.30        -9.60     8.06   -29.58     1.737
   31.10    16.05    12.31        30.87    15.58    13.05     0.910
   25.10    14.50   -29.17        23.82    14.68   -28.91     1.322
   16.23    23.55   -27.89        16.72    23.25   -26.98     1.075
   -8.68   -23.11   -13.29        -7.62   -22.75   -12.94     1.175
   -0.17    24.53    21.67         1.38    23.98    21.52     1.648
    3.69    24.90    11.29         4.87    24.57     9.85     1.888
  -38.47    -6.37   -41.29       -38.10    -4.65   -40.70     1.861
  -16.98   -31.06   -32.45       -17.07   -31.39   -33.93     1.521
  -20.01     0.03    -5.85       -17.65     1.27    -4.61     2.943
