75 PA4-A-Debug-Output.txt
    1.06   -10.46   -28.75         0.70    -8.84   -28.53     1.672
   21.69    -1.90    38.71        21.27    -1.69    39.65     1.051
   12.05    27.15     2.34        12.68    27.60     2.39     0.781
   17.13    -3.60    56.14        17.78    -2.48    57.25     1.710
    7.92    -7.25    63.13         8.78    -6.88    63.42     0.986
   31.54    -0.05   -26.33        31.65    -0.24   -25.94     0.446
    7.88    -9.06    16.90         8.84    -8.74    16.57     1.058
   14.22    23.43   -19.06        14.89    24.04   -17.44     1.860
  -25.47     7.41   -15.52       -23.58     6.36   -15.11     2.206
  -22.99     0.51   -10.23       -21.07     1.04    -9.11     2.284
   -8.03   -26.02   -16.56        -7.79   -25.05   -16.01     1.140
   35.68    15.39     5.55        35.82    14.63     5.86     0.839
  -42.94   -11.08   -21.02       -43.20   -11.10   -20.97     0.259
    3.64   -11.59    10.97         3.65   -11.54    10.95     0.055
   29.57    -1.89    18.00        29.28    -1.19    18.34     0.828
   14.96    -7.94    15.38        16.75    -7.58    15.24     1.830
   -0.33   -12.28     4.03         1.54   -12.34     4.00     1.872
   22.63     3.52    48.58        22.15     3.07    50.14     1.697
  -11.64    -4.52   -46.58       -11.66    -4.53   -46.70     0.121
  -21.06   -24.37    -8.85       -20.49   -23.52    -8.73     1.036
  -41.65   -14.22   -18.19       -42.17   -12.66   -17.85     1.678
   14.84    23.11    25.87        14.83    23.04    25.87     0.072
  -28.80   -30.01   -19.22       -28.39   -29.85   -18.44     0.898
    2.19     2.93    63.89         2.47     2.92    63.58     0.415
    5.49   -13.10   -22.13         6.16   -13.76   -21.57     1.096
    8.11    21.63    35.92         8.76    21.46    37.01     1.280
    1.32    -4.32   -26.24         1.33    -4.32   -26.26     0.016
  -30.61   -28.73   -18.11       -31.21   -28.37   -17.62     0.854
  -34.75     4.50   -15.98       -34.59     4.72   -15.92     0.282
   38.38    -0.97    -8.64        37.85    -1.14    -6.66     2.056
  -30.14     0.85   -42.79       -31.23     0.70   -42.62     1.109
   -6.36     8.82    59.58        -6.70     8.66    59.83     0.449
  -36.40   -16.57   -10.56       -36.43   -16.59   -10.51     0.064
   -0.90    -5.93    44.49         0.88    -6.73    45.10     2.048
  -16.81   -19.86   -46.35       -16.68   -19.72   -46.64     0.344
   18.32    16.41    58.07        18.67    15.65    58.60     0.997
  -10.34    -0.59    15.82        -9.92     0.40    18.47     2.855
  -13.60    -4.61     5.57       -13.53    -3.43     6.90     1.774
  -31.55   -25.44   -13.83       -33.10   -25.45   -15.04     1.963
   25.79   -11.81   -20.26        26.70   -12.44   -19.24     1.510
   27.28    23.32    -6.95        27.16    23.13    -6.94     0.220
   23.92    23.97     7.75        24.17    23.36     8.84     1.281
   -0.62    -5.80    48.90         1.13    -6.74    48.25     2.092
    2.23    23.85    23.40         1.96    23.75    24.77     1.399
  -21.88   -28.16   -12.87       -20.19   -28.85   -13.49     1.934
   -3.00     8.85   -14.13        -1.20     8.91   -14.03     1.807
  -36.17    -0.48   -13.33       -36.15    -0.49   -13.35     0.032
  -32.51    -1.10   -43.06       -32.60    -0.97   -43.26     0.254
   21.61     2.28    53.47        21.38     2.68    53.81     0.571
   -7.80    23.50    33.49        -6.47    23.48    33.60     1.330
  -25.93   -11.84    -6.10       -24.41   -12.76    -5.88     1.793
  -34.17     7.40   -28.97       -33.82     8.05   -27.38     1.746
   19.20    25.79     7.69        19.12    25.15     9.10     1.549
  -38.87     2.15   -20.82       -38.85     2.31   -20.80     0.160
   28.88     5.66   -28.88        28.94     5.63   -28.97     0.115
   -4.69    16.07    10.17        -4.20    16.80     9.87     0.922
  -41.67    -1.16   -28.89       -42.43    -1.98   -28.48     1.192
  -32.91   -28.14   -20.68       -32.53   -28.37   -19.25     1.499
   12.33    25.59    -5.98        12.30    25.85    -5.92     0.262
    8.24    -7.16    53.68         8.90    -7.05    54.67     1.198
   15.16    25.11    13.76        15.14    24.95    13.75     0.160
  -23.20    12.24   -25.42       -23.53    11.90   -23.95     1.549
  -34.23   -26.03   -17.61       -34.20   -25.91   -16.84     0.781
   -5.14    -2.77    39.11        -5.26    -2.86    39.15     0.150
   26.53     9.90    29.62        26.21     9.80    29.54     0.347
    7.74    -6.96    63.49         8.78    -6.88    63.42     1.051
   31.91     7.92   -26.48        32.56     8.91   -25.36     1.636
   12.07    -6.24    35.42        12.85    -6.02    36.59     1.420
   -8.63    11.86    11.19        -7.84    13.52    10.80     1.881
   14.49     8.10    63.48        14.53     9.85    63.16     1.782
    1.22    -7.30   -27.46         1.71    -6.12   -26.63     1.521
    6.58    23.05    27.58         6.73    22.92    28.25     0.703
   22.52     2.59    48.23        22.30     2.35    46.66     1.611
    0.34    17.39     5.02         1.28    18.00     4.12     1.439
    8.14    -9.65    14.82         9.15    -9.29    14.88     1.075
