200 PA4-J-Unknown-Output.txt
   -1.15    -6.48    37.99         0.54    -6.82    39.16     2.082
   -6.67     9.19    50.42        -6.35     9.56    49.84     0.760
   16.15    10.26   -23.15        16.20     9.74   -22.12     1.148
  -29.76   -28.61   -16.20       -30.70   -28.37   -16.99     1.250
   11.63    -9.75    11.84        13.31    -9.45    11.62     1.717
  -42.21    -1.12   -27.80       -42.29    -1.67   -27.59     0.588
   -9.10   -28.55   -28.55        -8.46   -29.00   -26.73     1.982
   34.45    15.79    -6.52        34.52    15.86    -6.51     0.102
   -0.04   -11.50     9.06        -0.16   -11.18    10.47     1.452
  -11.87   -16.70    -5.29       -12.72   -15.93    -4.79     1.254
   17.51   -11.67   -18.34        17.35   -12.12   -18.88     0.723
  -19.49   -26.31   -10.42       -19.43   -26.00   -10.45     0.323
  -20.35    12.05   -21.44       -20.57    11.90   -20.67     0.808
   -4.02    18.35    43.32        -3.49    18.34    43.77     0.700
  -12.59    10.76    18.99       -12.81    12.45    17.82     2.066
   -7.22    14.94    42.86        -6.84    14.86    42.73     0.403
   27.17    22.48   -17.37        27.24    22.82   -17.00     0.508
  -33.89     3.42   -38.15       -33.50     3.62   -38.39     0.499
    1.90   -15.92   -24.59         2.49   -16.61   -23.52     1.400
  -34.46     5.13   -35.65       -33.73     5.53   -35.78     0.847
  -30.94   -18.01   -45.11       -31.17   -18.12   -45.34     0.346
    1.51    -4.15   -25.47         1.78    -4.04   -25.81     0.448
   20.86     3.46   -26.61        21.75     2.49   -27.66     1.678
   28.03    21.01    10.75        28.53    20.07    11.37     1.229
   12.92    26.17    -5.72        12.78    26.11    -5.70     0.148
   22.28    25.06   -18.42        22.31    24.91   -17.77     0.668
   -1.03    18.36     7.93        -1.19    18.50     7.83     0.230
    8.27   -14.65     0.19         9.34   -14.99     0.23     1.118
   20.22    -0.43    52.29        20.15    -0.62    52.36     0.211
  -28.83   -11.64   -47.12       -29.94   -12.56   -47.20     1.445
   23.89    24.84    -6.36        23.31    24.92    -5.80     0.805
  -11.70    18.81    17.40       -13.27    19.52    18.18     1.899
   -8.78    -6.16    15.94        -8.40    -5.90    15.95     0.462
    8.02    20.65    -6.53         7.78    20.73    -6.16     0.449
   -0.35   -10.96    13.52        -0.37   -10.78    13.46     0.195
    1.34    19.06     5.07         1.02    19.46     5.57     0.721
    5.42   -16.28   -10.07         5.53   -16.54   -10.04     0.280
    4.66   -10.84   -23.20         5.77   -10.75   -23.06     1.127
   25.28    -8.29     6.36        25.28    -8.17     6.33     0.120
   -2.03    -8.01   -33.78        -1.83    -8.79   -32.75     1.297
    6.84    -5.13   -22.36         7.83    -5.26   -22.66     1.040
   20.54    18.30    35.43        20.49    18.55    35.64     0.337
  -27.68    11.16   -22.44       -27.88    10.69   -22.37     0.519
   23.50    -2.43    27.82        23.56    -2.28    28.97     1.164
  -11.91   -25.04   -40.30       -11.08   -25.71   -39.92     1.132
  -10.03   -15.18    -3.13        -9.71   -14.85    -3.34     0.496
  -23.59     6.60   -40.31       -23.43     7.07   -40.42     0.500
   -2.40     2.78   -24.78        -2.41     3.55   -24.62     0.785
    1.12    21.75     9.09         1.04    21.84     9.31     0.246
   -4.15    -3.55    52.76        -2.26    -5.25    52.52     2.554
  -39.92    -5.18   -37.63       -39.95    -4.91   -37.62     0.268
    5.39    24.62     7.25         6.15    25.03     7.82     1.035
   21.97    -9.84     3.19        20.79   -10.22     3.11     1.242
   -4.41     5.68   -22.77        -3.82     6.57   -21.40     1.741
    8.07    20.14    -7.31         8.36    20.35    -7.47     0.394
  -31.21    -4.12    -8.75       -31.01    -5.39    -8.84     1.288
   36.00    12.13   -11.07        36.34    12.54   -11.07     0.540
  -18.86   -32.30   -28.57       -18.75   -32.64   -27.66     0.975
   23.60     6.25    42.56        23.61     6.35    43.90     1.344
  -31.49     9.64   -28.50       -30.37    10.04   -27.62     1.489
   19.68    26.47    -7.91        20.05    26.14    -6.19     1.789
  -13.55    -2.68     8.49       -13.14    -2.61     8.34     0.438
  -18.17    -5.14    -0.25       -17.58    -4.87    -0.33     0.649
   33.96    12.46    11.52        33.64    13.51    11.36     1.113
   -0.18    24.02    24.22         1.61    23.80    24.71     1.868
  -17.76   -26.64   -11.38       -15.98   -25.96   -11.78     1.943
   38.82     2.31    -9.78        38.91     2.99   -11.35     1.716
  -13.48    11.11   -24.52       -13.35    11.11   -24.32     0.230
   12.17    21.70    42.45        13.24    22.21    43.91     1.882
  -13.81     6.93   -11.70       -13.63     6.51   -11.81     0.466
  -20.05   -23.04    -7.95       -20.14   -22.79    -8.34     0.472
  -12.43    -0.41   -44.09       -13.01     1.12   -44.21     1.647
   21.32   -15.99   -10.19        21.50   -16.47    -8.00     2.252
  -43.60   -14.69   -24.78       -43.37   -14.63   -24.81     0.240
   18.08   -16.77    -6.68        17.62   -17.27    -6.35     0.757
   -6.62    21.21    37.96        -6.56    19.96    39.09     1.682
   -8.82   -19.53   -42.76        -8.39   -19.65   -43.35     0.743
  -39.43   -17.26   -14.13       -39.10   -17.11   -14.39     0.438
    5.10    -8.12    25.20         4.94    -7.86    25.82     0.697
   11.40    21.41   -13.20        11.56    21.87   -12.39     0.951
   34.17    -4.52    -8.92        34.47    -4.71    -8.76     0.379
   31.92    11.28   -23.89        32.54    12.25   -23.33     1.274
  -42.60   -13.05   -18.06       -42.26   -12.63   -18.13     0.537
   27.15    23.39    -4.64        27.05    23.22    -4.65     0.199
  -23.97    11.19   -31.89       -23.97    11.18   -31.89     0.003
  -10.71    -9.63     4.66        -9.20    -9.62     5.37     1.664
  -15.58    12.47    24.29       -14.47    11.33    25.39     1.938
  -16.17   -23.99   -42.73       -16.08   -24.37   -43.18     0.600
   -7.26     2.32    34.90        -7.01     2.34    34.86     0.257
  -21.74   -13.44   -48.15       -20.40   -12.62   -49.39     2.008
   -7.72    -1.50    29.01        -6.92    -3.09    30.26     2.178
   29.78    -3.00    15.18        31.10    -1.55    15.66     2.020
   19.08    26.57    -4.44        19.87    26.43    -4.34     0.806
   -2.22    -7.55   -31.84        -1.55    -8.80   -32.25     1.473
  -25.84     6.14   -40.24       -25.89     6.26   -40.33     0.157
   20.21     4.17    62.77        19.01     3.10    63.01     1.626
  -24.55    10.56   -34.05       -24.65    10.38   -33.92     0.250
   17.61    -6.35    23.80        17.58    -6.20    23.79     0.151
   -4.28    -5.97    31.67        -4.28    -5.96    31.67     0.014
   19.55    -3.43    39.08        21.12    -1.94    39.65     2.232
    3.36    20.86    38.35         4.97    21.28    38.50     1.662
  -34.00   -26.79   -18.33       -34.05   -26.85   -18.30     0.081
   20.57     5.08   -27.38        20.54     4.98   -28.12     0.753
    6.47    -9.24    18.20         6.39    -8.98    18.12     0.286
  -15.09    -8.12     2.17       -15.07    -7.04     2.42     1.107
  -10.71   -19.54    -8.12        -9.21   -19.53    -8.44     1.536
   14.22    23.99    19.62        14.29    23.73    20.82     1.235
    3.36    -0.91   -22.87         2.38    -0.57   -23.68     1.313
   39.39     3.81     5.16        39.47     3.70     6.03     0.884
  -29.03   -13.13   -46.75       -30.04   -12.73   -47.11     1.151
    6.26    -7.87    58.19         6.20    -7.34    58.37     0.559
   37.37    10.80    -7.58        37.92    10.75    -6.31     1.384
   20.17   -16.30   -12.68        20.69   -17.09   -11.82     1.277
  -10.89   -19.51   -43.57       -10.71   -19.76   -44.19     0.699
  -21.45   -30.21   -36.23       -20.28   -31.30   -35.52     1.752
   -5.60    -1.56    45.48        -5.19    -2.07    46.11     0.919
   23.61    23.33   -21.52        23.07    23.99   -21.75     0.885
   29.06    16.96    14.73        28.38    16.37    15.62     1.262
   39.66     3.09    -1.89        40.03     2.86    -1.85     0.437
   25.21    -5.61    15.00        25.25    -5.46    15.25     0.298
  -11.26    -4.59   -45.79       -10.05    -4.92   -45.60     1.264
  -33.92     5.95   -16.45       -33.53     5.43   -16.12     0.729
  -41.66   -15.16   -29.58       -41.70   -15.15   -29.61     0.049
   19.81    25.65   -21.39        19.76    25.56   -21.39     0.105
  -14.84     3.90    -0.82       -15.06     3.15    -0.37     0.904
  -39.91   -11.72   -12.89       -38.41   -13.00   -11.95     2.180
  -11.05     7.61    25.15       -10.01     6.79    25.86     1.509
  -19.46    -7.10    -2.11       -18.26    -6.79    -2.10     1.242
   17.68   -17.05    -7.78        16.38   -17.78    -8.82     1.816
   -9.21    -6.97    12.23        -9.18    -6.44    12.20     0.536
   37.18    12.56     4.51        37.16    13.04     6.07     1.626
   27.24    13.77    21.63        26.80    13.66    23.11     1.553
  -29.46   -26.37   -12.57       -29.38   -26.22   -12.69     0.213
  -29.52     9.64   -30.78       -29.56     9.74   -30.71     0.126
   -1.93     1.35   -25.37        -0.92     1.44   -24.95     1.098
  -28.90   -29.70   -33.72       -28.94   -30.07   -33.94     0.431
   14.89     3.22   -20.66        14.89     3.23   -20.66     0.005
   23.52     5.35    42.94        23.61     6.35    43.90     1.395
   -5.26     0.02   -36.05        -4.40    -0.82   -35.25     1.449
   16.68    -5.29    38.92        16.78    -5.03    40.46     1.565
  -28.85   -24.78   -10.21       -27.09   -24.83    -9.75     1.814
  -41.57   -14.83   -29.64       -41.58   -14.82   -29.64     0.006
   25.39    24.30    -0.38        23.98    24.92    -0.79     1.591
  -43.01   -16.17   -24.14       -42.90   -16.04   -24.17     0.175
   20.94    -6.67    14.81        20.70    -6.35    16.69     1.919
   -6.47     6.10    63.26        -5.45     6.32    63.26     1.036
   20.90   -12.32    -1.09        20.47   -12.94    -1.32     0.788
  -16.46    10.96   -32.42       -16.30    11.07   -32.41     0.193
   -2.35    10.50    -6.07        -1.13    11.57    -4.64     2.170
   12.91    -9.33    12.86        13.39    -8.59    13.53     1.108
  -30.35     9.20   -31.61       -30.49     9.43   -30.78     0.863
    2.41   -10.99    13.37         2.41   -10.85    13.36     0.140
  -35.36   -10.66    -7.46       -34.87    -9.27    -7.86     1.532
    9.73    23.09    26.46         9.23    23.04    27.71     1.348
   -7.10   -10.40   -43.51        -5.84    -9.60   -43.34     1.510
   -9.27     2.39    25.31        -8.45     1.92    26.32     1.384
  -14.56     0.75     6.19       -14.10     0.58     6.61     0.642
    9.81     1.64    63.86         9.77     2.92    63.04     1.525
   -6.33     8.84    -6.02        -7.43     8.47    -3.59     2.689
   29.82    -1.60    17.47        29.28    -1.19    18.34     1.099
  -28.62   -27.37   -38.27       -26.87   -28.56   -38.64     2.149
   -2.09    19.42    10.21        -2.17    19.51    10.14     0.144
   -3.14    -5.11    56.77        -2.30    -5.37    56.74     0.880
   38.71    10.13     3.70        38.77    10.17     3.70     0.070
   28.47    13.80   -26.44        27.16    14.76   -27.60     2.002
   -5.00    -4.39    35.91        -4.90    -4.00    37.37     1.519
   -4.42    -3.35   -38.37        -3.72    -2.83   -37.25     1.418
   -9.26   -17.43   -43.58        -8.69   -17.39   -44.04     0.730
   22.52   -14.13    -5.34        22.19   -14.68    -5.06     0.703
   12.17    17.59   -13.35        11.96    17.43   -13.47     0.289
   -1.95    -5.77    60.19        -1.63    -5.65    58.32     1.903
    9.08    -9.08   -21.71         9.45    -8.53   -22.45     0.993
  -28.07   -18.52    -6.65       -27.42   -18.52    -7.19     0.845
  -30.39    -6.87   -46.52       -30.06    -5.26   -46.72     1.654
   28.03    21.23    10.49        28.64    20.04    11.25     1.534
   17.45    14.45   -29.81        16.64    16.36   -31.08     2.432
  -24.22     5.22   -13.13       -23.98     4.87   -13.95     0.923
   10.11   -15.97    -9.22         9.94   -16.33    -8.31     0.993
   -7.38   -20.21   -40.73        -6.42   -19.66   -41.49     1.337
   20.48   -14.32    -3.34        20.47   -14.31    -3.35     0.020
   30.41    -9.72   -13.85        31.33    -9.19   -13.91     1.062
   20.72     5.86   -28.06        20.47     5.77   -28.32     0.370
    9.64    -8.33    18.33         9.33    -7.68    19.94     1.765
  -24.93   -32.29   -28.82       -23.43   -32.78   -28.92     1.583
  -22.65     8.72   -37.67       -22.65     8.76   -37.71     0.054
   -7.43     6.24    39.38        -7.26     6.27    39.38     0.175
   -8.91     8.72   -20.33        -8.86     8.55   -20.34     0.173
  -25.68   -31.06   -17.60       -26.13   -30.95   -17.28     0.563
   13.81     5.99    63.68        13.88     6.37    62.99     0.787
   25.27    24.19    -7.85        26.93    23.27    -7.72     1.908
    5.94   -11.98   -21.47         6.32   -11.82   -22.30     0.925
  -28.32   -30.86   -21.57       -28.05   -30.81   -20.05     1.554
   -3.96    -4.56    43.14        -4.29    -4.11    43.88     0.928
  -11.76    12.03    16.47       -12.50    12.26    17.49     1.290
    1.56   -18.46   -21.55         0.90   -19.84   -22.57     1.837
   10.32    24.01    22.81         9.72    23.99    21.61     1.343
  -39.53     2.27   -30.34       -39.54     2.30   -29.89     0.457
   -0.19    19.22    45.18         0.81    19.39    45.24     1.018
  -13.06   -30.61   -28.79       -13.28   -31.20   -28.57     0.672
  -12.68    15.69    17.70       -14.54    16.55    18.31     2.133
