400 PA5-H-Unknown-Output.txt 6
   -0.0008    0.0031    0.0007    0.0004   -0.0003
  -18.34   -24.51   -46.50       -18.86   -23.22   -45.11     1.959
   25.37     2.70    31.93        25.68     2.67    32.01     0.325
   -5.21   -22.91   -19.47        -4.21   -23.91   -19.00     1.490
   23.69    12.75    42.65        22.95    12.44    42.55     0.817
  -15.58    10.91   -31.11       -15.55    10.98   -31.12     0.081
    3.37   -13.37   -15.20         5.19   -16.87   -15.24     3.947
   -1.48   -13.91   -28.41         0.59   -14.06   -29.13     2.204
  -16.95   -24.14   -46.50       -17.69   -23.00   -44.83     2.155
  -38.10     0.33   -35.42       -38.54     0.63   -35.62     0.562
   -1.20   -17.13    -8.48        -1.13   -17.57    -8.27     0.494
   22.77    12.47    54.05        21.22    11.95    53.79     1.650
  -35.37   -17.96   -13.39       -36.95   -18.71   -12.40     2.011
   29.57     6.07    19.62        29.93     6.11    19.77     0.387
   27.82    -5.71    -0.97        30.03    -8.98    -0.47     3.974
   15.50   -11.06    -1.81        16.76   -13.95    -0.24     3.517
  -12.77   -23.33   -13.46       -11.91   -24.33   -11.70     2.197
   17.67    -5.08    41.80        17.36    -4.64    41.81     0.537
   -3.34    -5.20   -34.54        -3.16    -5.12   -34.51     0.203
   -0.91   -17.64    -9.51        -0.85   -18.03    -9.33     0.428
    8.14    -2.33   -17.52         9.24     0.05   -21.02     4.376
   -1.89     2.91    43.27        -6.58     2.20    43.25     4.745
   31.14    11.82    -0.32        34.96    15.43    -1.22     5.337
  -28.05   -12.42   -49.29       -27.60   -12.38   -48.10     1.272
   13.52    -6.53    26.60        13.51    -6.42    26.58     0.105
   -7.14   -25.78   -38.67        -7.97   -24.85   -37.87     1.475
   13.13     0.54   -19.02        13.00     1.51   -20.38     1.679
   -3.36    -6.45   -35.19        -2.62    -6.18   -35.04     0.809
  -19.34   -12.09   -51.18       -19.75   -11.92   -49.31     1.923
   18.47    -6.77    17.77        18.46    -6.73    17.76     0.049
    9.83    -7.03    31.78         9.78    -6.60    31.75     0.433
  -39.77     0.39   -29.67       -40.53     0.90   -29.70     0.915
   18.66    20.22    41.19        18.15    19.73    41.00     0.737
   22.82    14.94    37.57        22.38    14.69    37.46     0.515
    4.43    -8.16    52.16         4.57    -7.18    52.25     0.996
   -3.99     4.06   -19.89        -3.37     6.13   -21.74     2.846
   14.56   -10.55     0.33        15.54   -13.55     1.62     3.410
  -34.29   -14.72   -43.83       -34.93   -14.94   -44.52     0.964
   12.56   -14.75    -4.79        12.07   -16.73    -4.31     2.093
  -18.21     9.82   -36.88       -18.20     9.77   -36.84     0.055
   -3.22    -2.07   -32.26        -3.51    -2.25   -32.26     0.337
    8.74    13.28    -4.38         5.83    15.40    -6.31     4.085
   23.95    -1.43   -21.89        21.40    -1.97   -24.76     3.870
  -27.43   -29.94   -20.37       -27.74   -30.91   -20.05     1.066
   24.84    14.16    25.42        25.48    14.49    25.64     0.752
  -13.94   -31.82   -27.79       -14.03   -31.55   -27.76     0.284
  -10.21   -29.64   -24.62       -10.18   -29.70   -24.61     0.060
  -11.57    19.56    42.22        -8.76    17.35    39.39     4.554
   -5.06   -13.27     2.02        -5.05   -12.69     1.83     0.603
   23.86     8.57   -21.40        18.83     5.74   -25.39     7.021
   29.93    13.90    -0.95        33.36    17.03    -1.75     4.715
   -4.91     3.54   -25.90        -4.34     4.23   -26.23     0.959
    2.11    -8.78    28.47         1.94    -7.87    28.26     0.951
   20.98    15.13    63.09        19.39    13.97    61.72     2.399
  -34.59     0.92   -40.11       -34.76     1.11   -40.33     0.340
   -4.65    19.40    23.54        -3.64    24.28    22.78     5.040
  -22.14   -32.27   -34.55       -21.90   -31.71   -34.11     0.754
  -22.47     7.55   -41.35       -22.59     6.73   -40.66     1.081
  -30.48   -20.11   -45.49       -30.33   -19.95   -45.27     0.313
    6.43   -15.29    -7.68         6.38   -16.00    -7.73     0.717
    7.32    -7.30    39.66         7.26    -6.77    39.65     0.530
   17.45    19.32    59.74        16.33    17.79    59.61     1.897
  -15.41    -1.12     2.41       -15.85    -1.08     2.58     0.478
  -43.45    -8.01   -33.58       -41.68    -7.33   -32.47     2.201
    1.95    18.91    58.64         2.21    18.20    58.60     0.757
    2.95     1.15   -16.72         4.67     3.75   -19.68     4.300
   16.61    22.75   -13.52        15.49    24.71   -13.69     2.260
  -35.74   -11.06   -43.25       -36.59   -11.01   -43.91     1.080
   19.36     0.83    64.14        18.56     1.58    62.97     1.601
   -9.94   -18.18   -47.38       -10.45   -18.45   -45.08     2.365
  -43.92   -12.84   -28.47       -42.59   -13.20   -27.53     1.665
  -41.36   -20.84   -30.98       -40.50   -20.37   -30.73     1.018
   -5.28   -22.15   -39.33        -5.91   -21.65   -38.81     0.956
   16.02    21.29    44.58        15.90    21.03    44.58     0.283
   28.98    11.49   -10.77        33.98    16.42   -11.93     7.114
   33.51     4.02    -2.88        38.74     0.68    -2.53     6.212
    5.72    -5.83   -18.00         8.49    -6.12   -22.16     5.007
   -2.29     9.18    -7.89        -2.47     9.79    -8.09     0.665
   23.47    20.18    -7.17        25.33    23.98    -7.42     4.238
   23.46    -4.13    27.20        22.93    -3.43    26.97     0.908
   30.70    -4.29    12.22        30.90    -4.62    12.53     0.501
    0.10    -0.71   -21.35         2.23     0.31   -23.41     3.133
    6.57    26.54    13.35         6.79    25.04    13.12     1.542
   15.30    -5.77    44.91        15.17    -5.40    44.87     0.391
   -6.51    -2.84    26.71        -7.22    -3.53    26.72     0.991
   12.51    20.51    55.36        12.51    20.68    55.38     0.172
   13.43    -6.71    56.75        13.00    -5.95    56.70     0.874
   14.46    21.04    42.33        14.73    21.64    42.36     0.656
   24.21     4.64    43.05        23.53     4.75    42.92     0.702
   11.72   -13.68   -10.38        11.67   -16.21   -11.44     2.739
   21.26     0.64    55.73        20.47     0.97    55.65     0.858
   -3.11    20.30    22.11        -3.06    24.16    21.96     3.865
    6.64    12.69    -1.68         3.76    15.67    -3.41     4.488
  -32.73   -19.34   -12.35       -34.09   -20.39   -10.87     2.266
   24.08    11.28    41.72        23.45    11.09    41.66     0.656
  -26.32   -30.08   -36.56       -26.22   -29.72   -36.40     0.406
   -8.44    -9.88   -48.14        -9.50    -9.73   -46.74     1.767
   13.19     3.26   -19.01        13.18     3.32   -19.11     0.118
    0.69   -12.96     9.51         0.98   -11.52     9.36     1.475
    6.66    25.47     9.81         6.76    25.10     9.80     0.390
   23.82     8.21    51.76        22.37     8.13    51.58     1.455
  -32.01   -11.12   -11.88       -33.27   -10.93    -7.59     4.475
   -1.44   -19.43   -27.20        -0.27   -20.05   -27.34     1.325
   -5.61    -5.01   -44.40        -6.62    -5.73   -43.21     1.724
  -29.22     4.76   -17.62       -29.45     6.84   -15.47     3.008
    8.73   -10.42     7.12         9.08   -12.00     7.76     1.745
  -27.71   -12.73   -49.48       -27.50   -12.68   -48.13     1.362
  -19.08    -1.67   -50.39       -18.95    -2.02   -47.24     3.170
   10.16    27.02    17.90        10.07    24.57    17.59     2.473
    5.55    -7.30    41.50         5.51    -6.94    41.50     0.358
    4.00   -14.56   -12.78         5.19   -16.93   -12.83     2.644
  -11.10    -8.63     6.44       -10.67    -8.17     6.01     0.757
   28.28    16.48    10.60        29.98    17.75    11.70     2.389
    5.18   -13.18   -14.47         5.88   -16.54   -14.47     3.438
   16.71   -11.96   -13.94        16.09   -14.73   -16.08     3.551
   20.99    -8.52    12.71        20.65    -7.43    12.38     1.191
  -24.57     9.43   -21.81       -25.17    11.21   -21.70     1.879
   -9.50   -15.41    -5.13        -9.53   -15.85    -4.76     0.574
   20.70    -5.62    27.81        20.32    -4.89    27.72     0.822
  -18.24   -10.13    -3.16       -18.41   -10.24    -2.72     0.485
    1.96    25.53    42.98         2.29    20.39    42.07     5.227
   -0.00     2.94   -17.71         1.23     5.43   -19.98     3.587
   15.10    19.87    56.25        14.77    19.44    56.18     0.540
   13.43    24.90    27.32        13.19    23.14    27.01     1.799
    6.93    15.18   -14.39         8.87    11.55   -11.18     5.218
   10.64    25.50    30.15        10.62    22.67    29.62     2.874
    5.31    -7.70    64.04         5.56    -7.19    62.69     1.463
  -25.15     5.42   -43.14       -24.87     4.65   -42.33     1.155
  -21.03    -2.22   -49.61       -20.41    -3.02   -47.65     2.206
  -12.55    -0.65   -46.42       -13.05    -1.12   -45.72     0.976
    3.54    -9.11    62.23         3.70    -7.41    62.25     1.714
    3.05    22.75    15.60         2.63    24.10    15.32     1.447
   -8.29   -19.48   -45.95        -9.50   -19.13   -44.26     2.111
   -4.94    20.49    49.19        -2.46    17.66    47.34     4.193
   27.65    -8.21    -6.84        29.21    -9.85    -7.27     2.308
   -4.83    -2.29    36.25        -5.76    -2.92    36.37     1.130
   -9.71    20.98    30.64       -11.21    23.05    31.73     2.774
   17.96     3.50   -24.68        18.69     3.67   -24.15     0.919
   -7.82   -25.96   -39.62        -8.79   -24.88   -38.69     1.720
   24.36    -4.61    24.53        23.82    -3.62    24.27     1.162
  -14.93     7.30   -40.17       -15.05     7.05   -39.95     0.359
   18.70    20.90    31.46        18.81    21.01    31.47     0.158
   13.90    21.55    46.78        14.06    21.91    46.77     0.396
   -0.01   -10.35    26.56         0.12    -8.42    26.01     2.015
   16.69    20.63    39.37        16.90    21.14    39.50     0.576
   -0.57     7.93   -10.94        -1.06     9.53   -11.28     1.708
   24.10    14.52    27.84        24.65    14.82    27.98     0.646
   23.00     2.37   -24.83        21.07     1.64   -26.32     2.546
   17.21     3.42    63.75        17.22     3.47    63.00     0.748
   13.39    18.80   -20.74        11.98    18.25   -20.49     1.531
   -0.86     5.05   -15.51        -0.42     8.20   -16.33     3.283
  -26.62    -3.30   -48.28       -26.82    -3.74   -47.42     0.988
    5.21   -11.29   -16.93         7.01   -14.49   -18.82     4.127
    1.95   -16.69    -9.80         2.09   -17.55    -9.36     0.983
  -36.49   -14.90   -43.98       -36.18   -14.71   -43.60     0.528
    1.66   -16.00    -4.95         1.62   -15.54    -5.17     0.515
    0.23    -5.28   -22.39         2.34    -3.72   -25.15     3.809
   22.39    -6.49    23.01        21.69    -5.14    22.66     1.556
  -27.92   -29.89   -20.59       -28.34   -30.75   -20.38     0.980
    9.00    -8.36    13.39         9.25    -9.64    13.85     1.383
  -21.23     8.73   -21.28       -20.84    10.56   -19.33     2.695
  -20.05    -7.76   -50.44       -20.04    -7.89   -48.89     1.553
   25.29    -6.29   -16.70        28.87   -11.15   -18.25     6.236
   23.53     7.49    54.75        21.96     7.48    54.61     1.574
   25.47     9.46    32.37        25.53     9.47    32.39     0.062
    1.65     9.85    -6.88         1.07    11.25    -7.55     1.656
   15.76    -5.67   -20.47        15.51    -6.03   -22.40     1.979
    7.94    -7.84    53.89         7.88    -7.14    53.89     0.705
    6.64    20.14    58.47         6.74    19.84    58.45     0.315
   27.51     8.15   -16.98        34.85    10.58   -18.80     7.939
   -0.96    22.63    51.11         0.40    18.53    50.40     4.379
   -0.91     7.90    52.04        -6.41     9.21    52.21     5.657
   14.23    -6.06    63.29        13.47    -5.02    62.21     1.677
   16.18    20.92    36.76        16.25    21.51    36.86     0.611
   -0.08    23.03    19.73        -0.08    23.74    19.63     0.720
  -35.55   -17.09   -41.26       -36.20   -17.54   -41.91     1.017
   -2.16    11.41    -0.50        -2.72    12.20    -0.74     0.997
   28.59    -5.68     5.87        28.90    -7.72     6.69     2.220
   27.68     8.04   -16.59        34.92    10.57   -18.53     7.908
  -36.05   -14.06   -43.85       -36.14   -14.09   -43.93     0.127
  -17.56   -10.96    -3.56       -17.77   -11.24    -3.10     0.579
    8.93    -8.11    63.25         8.67    -7.04    62.94     1.143
   28.88    11.86   -10.74        33.75    16.67   -11.86     6.939
   16.32    -6.73    20.01        16.33    -6.81    20.02     0.082
   -6.52     5.33   -32.36        -7.13     4.91   -32.37     0.742
   16.76    22.36    29.80        16.74    22.18    29.76     0.187
   15.82    24.07    23.42        15.69    23.13    23.34     0.949
    0.13    28.49    29.51        -0.71    23.74    28.42     4.947
  -35.52   -26.06   -24.50       -36.03   -26.67   -24.43     0.796
   20.99    -1.83    43.43        20.85    -1.69    43.41     0.196
  -36.20     1.61   -37.71       -36.41     1.86   -37.90     0.377
    7.87    -8.15    58.91         7.81    -7.25    58.93     0.902
   -5.13     8.96    -7.18        -5.12     8.92    -7.18     0.033
  -34.24   -11.42   -12.04       -36.49   -12.28    -9.77     3.311
   17.82    -6.58    19.89        17.81    -6.55    19.89     0.027
  -22.96   -31.29   -21.44       -22.89   -32.15   -21.27     0.881
    6.04    26.11    13.42         6.30    24.93    13.34     1.207
   -6.42    28.49    30.65        -6.28    24.46    30.30     4.056
  -39.00   -21.70   -37.08       -37.90   -21.05   -36.49     1.403
   18.67   -11.71    -2.30        19.41   -13.38    -1.21     2.125
  -35.36     0.58   -39.79       -35.53     0.78   -40.01     0.347
   -8.55     2.97    16.73       -10.84     2.23    17.56     2.546
   -1.06    10.38    57.85        -5.10    12.33    57.58     4.499
   -4.14    19.83    50.25        -1.62    16.92    50.30     3.855
  -13.24     1.36   -45.46       -13.60     0.83   -44.67     1.024
    9.14    -6.75    63.97         9.09    -6.69    63.41     0.566
    6.99     3.28    66.73         6.60     3.10    63.30     3.460
  -12.54   -18.40   -48.58       -13.36   -17.26   -46.68     2.364
   -9.93    20.65    44.21        -6.39    17.44    41.90     5.309
   -8.76    26.69    38.83        -7.20    22.12    35.66     5.775
   26.70    -9.58    -7.96        27.83   -10.88    -7.99     1.731
   -1.70    -1.50    58.00        -3.95    -3.45    58.21     2.983
    5.66    27.44    25.68         5.76    23.34    25.01     4.156
  -33.29    -1.71   -15.24       -33.73    -0.03   -12.59     3.171
   29.06    12.21    16.23        30.00    12.47    16.77     1.112
   -7.30     9.23    15.43       -10.79    10.34    14.02     3.925
  -21.20   -15.06   -50.80       -20.76   -14.39   -48.73     2.218
   -4.55   -24.59   -22.85        -3.98   -25.16   -22.69     0.819
  -30.43   -30.27   -28.14       -30.58   -30.55   -28.15     0.318
  -23.68   -11.19   -50.95       -23.39   -10.61   -49.62     1.480
   21.85    -5.75    24.56        21.38    -4.88    24.37     1.001
   -1.33     4.76    60.22        -1.34     4.83    63.37     3.146
   -1.04   -18.66   -10.50        -1.05   -18.61   -10.52     0.047
   -2.39    -3.15    47.14        -3.53    -3.96    46.96     1.412
   27.07    15.05   -10.79        31.80    19.25   -10.81     6.322
   11.86   -15.46    -6.19        11.33   -16.73    -6.29     1.380
  -24.83   -32.49   -27.79       -24.83   -32.49   -27.79     0.005
    6.22   -11.87   -15.67         7.84   -15.07   -17.34     3.951
  -40.03    -3.56   -18.52       -41.21    -3.07   -17.62     1.563
    5.89    19.87     0.36         4.85    20.42    -0.19     1.300
   -8.85   -28.05   -20.07        -8.86   -28.01   -20.08     0.036
   -5.72     8.15   -10.83        -5.84     8.66   -10.85     0.526
   29.99    11.78    15.02        30.80    12.12    15.43     0.971
    4.52    -6.10    64.26         4.31    -5.74    63.33     1.012
  -12.50   -25.50   -13.74       -12.17   -25.96   -13.48     0.628
  -29.24     4.10   -42.31       -28.91     3.51   -41.69     0.916
    0.87    -4.32    64.48         0.89    -4.37    63.46     1.025
   -2.49    -6.85   -25.42         0.38    -5.18   -27.60     3.976
  -19.51   -13.58    -6.69       -19.83   -14.05    -5.16     1.628
   -8.22   -27.46   -19.73        -8.18   -27.54   -19.71     0.084
  -23.34     1.92   -46.65       -23.39     1.06   -45.68     1.293
  -36.52     3.54   -25.50       -37.68     4.76   -25.39     1.682
   17.31   -12.07    -3.43        18.43   -14.23    -1.82     2.918
    0.00     5.69    64.54         0.06     5.66    63.41     1.132
    1.20     9.19    -8.36         0.72    10.51    -8.86     1.493
   17.29    21.05    34.61        17.49    21.48    34.63     0.471
  -11.41     5.69     1.90       -11.65     5.97     1.92     0.366
    5.89    20.63    56.19         6.21    19.75    56.15     0.942
   24.02    17.68    18.86        25.14    18.61    19.29     1.521
   28.96    -5.71    14.86        28.40    -4.79    13.99     1.394
  -11.98    21.16    36.87       -11.15    20.26    36.01     1.502
   -0.95    10.08    60.00        -0.96    10.20    63.33     3.329
  -11.04    18.42    33.48       -12.59    19.06    35.10     2.333
    4.21    10.94    65.32         4.21    10.87    63.30     2.022
    2.55    21.34    54.62         3.30    18.92    54.42     2.543
   -9.38     8.00   -12.29        -9.39     8.02   -12.29     0.017
   -1.65    13.73    49.91        -3.56    15.25    50.48     2.504
   -3.15   -13.44     2.96        -3.19   -12.48     2.48     1.068
   -1.96    18.39    54.01        -0.97    17.13    53.74     1.626
    6.45    15.55     0.02         3.91    17.04    -1.84     3.486
   -7.86     8.10     8.09        -9.44     9.39     7.60     2.099
  -25.47   -17.30   -48.44       -25.26   -16.98   -47.63     0.899
   21.46     1.18    55.36        20.73     1.49    55.28     0.790
   31.54    -0.35    -6.00        34.99    -3.81    -5.42     4.917
  -27.90   -28.21   -38.90       -27.82   -28.03   -38.79     0.232
  -36.91   -23.87   -36.20       -36.56   -23.54   -35.97     0.528
    8.39    25.29     6.55         8.17    25.79     6.63     0.546
   10.49     3.84   -15.14        10.13     5.32   -16.66     2.149
    9.26    -7.83    17.53         9.30    -8.37    17.69     0.563
  -27.49     9.09   -22.85       -28.09    10.63   -22.44     1.705
   -6.56     2.16   -38.23        -6.95     1.83   -37.92     0.600
   17.00    24.17    -6.27        17.29    26.48    -6.38     2.326
   -0.23    -4.50    64.15        -0.22    -4.54    63.45     0.693
   -3.91   -23.50   -32.61        -3.82   -23.60   -32.63     0.133
    3.37   -16.04    -9.75         3.76   -17.13    -9.57     1.170
   16.87    20.97    48.22        15.95    20.02    48.10     1.327
   -0.78    15.52    59.05        -1.33    16.29    59.19     0.949
   19.14    -2.67    56.53        18.33    -1.93    56.48     1.100
    6.93    -0.11    65.64         6.97    -0.08    63.36     2.283
    0.62    -1.28   -20.90         2.33    -0.10   -23.50     3.324
  -30.84   -20.04   -45.14       -30.73   -19.93   -44.98     0.222
    2.22   -12.79     9.22         2.40   -11.82     9.12     0.991
   23.50    -5.14    25.42        22.84    -3.92    25.16     1.415
   14.31    -6.21    46.49        14.11    -5.73    46.48     0.527
   -7.96   -28.91   -29.73        -8.35   -28.32   -29.61     0.722
   14.98    11.49    63.63        14.99    11.49    63.17     0.465
   14.68    23.08   -15.10        14.23    23.86   -15.17     0.898
  -33.12     2.60   -17.70       -35.05     4.59   -17.11     2.833
  -17.61     9.96   -36.12       -17.56    10.28   -36.22     0.337
    4.61    -8.29    55.08         4.67    -7.40    55.08     0.886
   22.55     2.02    48.30        22.04     2.23    48.24     0.554
  -30.51     3.30   -17.48       -32.22     5.42   -15.59     3.312
   -8.97     2.01    16.60       -10.71     1.45    17.23     1.941
  -37.56   -16.37   -43.95       -36.54   -15.79   -42.77     1.664
   33.99     1.45     2.58        37.41    -1.51     2.16     4.544
  -23.11    10.16   -22.72       -23.32    11.84   -22.61     1.692
   10.75    -6.01   -20.31        10.75    -6.61   -21.77     1.575
   18.96    13.30   -21.52        15.69    11.83   -21.69     3.590
  -20.96     2.90   -46.87       -21.04     1.44   -45.23     2.192
  -33.08    -0.89   -15.27       -33.23     0.31   -12.72     2.821
  -37.97   -23.33   -35.64       -37.35   -22.97   -35.38     0.761
   23.69    19.84     2.65        25.64    23.74     3.00     4.369
   -4.72   -24.99   -23.78        -4.13   -25.58   -23.61     0.853
   -0.83     7.70    63.50        -0.83     7.70    63.38     0.122
  -12.61   -17.40    -9.51       -12.56   -18.92    -7.93     2.187
    4.37    20.31    56.86         4.72    19.20    56.80     1.162
   -1.34    -3.69    62.03        -2.44    -4.92    62.82     1.822
   17.68     8.35   -23.50        16.74     8.27   -23.65     0.964
   -1.11   -14.90   -32.10         0.10   -14.95   -32.15     1.213
    6.39    18.04    -3.41         5.61    18.26    -3.73     0.870
   -5.30    29.77    33.42        -6.31    24.32    31.84     5.765
  -28.38     5.48   -41.07       -28.20     5.16   -40.60     0.597
   21.18   -11.93    -1.45        21.41   -12.31    -1.21     0.505
   -7.82   -11.74   -47.65        -9.12   -11.57   -46.18     1.973
  -30.49    -1.45   -15.03       -30.17     0.37   -12.33     3.275
   13.92    -5.82    41.10        13.98    -6.02    41.11     0.209
  -10.33    24.31    32.73       -10.00    23.58    32.39     0.868
   -1.28    -4.69    54.27        -1.73    -5.59    54.23     1.005
   28.41    14.64    -5.98        32.59    18.14    -5.77     5.458
   23.82     6.69    49.16        22.78     6.70    49.04     1.047
  -23.90   -26.31   -12.63       -24.03   -27.06   -11.80     1.128
   21.26    -1.16    43.91        21.19    -1.11    43.90     0.086
  -32.27   -16.78   -11.33       -33.33   -17.51    -9.01     2.654
    7.01    20.93    -1.66         6.32    21.37    -1.89     0.855
  -15.21   -21.53   -47.95       -16.04   -20.21   -46.03     2.479
   -0.56    -6.58    48.40        -0.31    -6.05    48.35     0.581
    8.48   -11.35     6.06         8.35   -12.64     6.07     1.290
   17.57    19.99    51.72        16.59    18.96    51.55     1.441
   15.00   -10.26     0.69        15.97   -13.26     1.98     3.400
  -16.54     6.48   -42.88       -16.57     5.74   -41.98     1.160
   20.35    22.53    -8.46        21.39    25.48    -8.59     3.129
   18.75    -6.50    21.22        18.72    -6.28    21.20     0.226
  -26.57   -14.86    -9.46       -26.66   -15.67    -6.92     2.665
  -16.59   -16.89   -50.22       -17.02   -15.87   -47.88     2.590
    3.66    -7.86    44.07         3.72    -6.92    44.05     0.945
   27.57     3.61    25.75        27.55     3.61    25.75     0.021
   22.98    12.49    54.31        21.20    11.87    54.21     1.886
   -1.40   -13.82   -33.68        -0.32   -13.82   -34.13     1.168
  -38.64    -2.96   -16.65       -39.51    -2.53   -15.90     1.226
    2.92    -8.33    63.57         3.11    -7.02    63.09     1.407
   -1.90    17.54    17.16        -3.33    21.63    14.43     5.124
   19.67    -4.90    32.48        19.52    -4.52    32.41     0.414
  -20.88   -25.04   -12.31       -21.01   -26.66   -10.98     2.094
   -1.76    -0.00    50.13        -5.50    -1.27    50.09     3.944
  -40.30    -9.42   -37.82       -40.10    -9.39   -37.77     0.209
   -1.01   -17.88   -30.93        -0.14   -18.00   -30.97     0.877
    6.62    13.43    -1.11         3.93    16.22    -2.74     4.205
   -7.25     8.52    -0.49        -7.49     8.86    -0.56     0.428
  -27.27     9.87   -26.34       -27.81    11.11   -26.29     1.348
    5.26    -7.19    64.13         5.50    -6.70    62.87     1.380
   -1.74     2.44    60.97        -2.10     2.16    63.35     2.424
  -17.88   -20.67    -9.76       -17.58   -21.76    -8.19     1.935
   18.52    -3.67    62.55        17.15    -2.67    61.38     2.062
   27.12    -7.75    13.09        26.93    -6.14    12.25     1.834
   15.81    16.71   -20.67        13.61    15.04   -20.00     2.838
    3.97    -7.71    41.04         4.01    -6.99    41.03     0.726
  -32.95   -12.66   -46.39       -32.96   -12.67   -46.42     0.026
   20.12    22.67    18.23        20.14    22.73    18.25     0.072
   -1.13   -18.68   -30.52        -0.31   -18.91   -30.66     0.862
  -30.97   -18.32   -45.64       -30.88   -18.28   -45.53     0.150
   -1.14     5.87    43.40        -6.94     5.77    43.53     5.809
    3.31     0.15   -16.77         5.20     3.00   -20.03     4.725
    1.34    24.09    47.40         1.46    19.49    46.30     4.724
   22.46     1.72    46.89        22.07     1.89    46.84     0.428
   30.05     9.31    15.42        31.43     9.93    16.11     1.667
   11.29   -14.53    -2.40        11.14   -15.86    -2.15     1.363
  -11.55     9.90   -28.30       -11.89     9.40   -28.21     0.612
   13.38    25.03    26.59        13.15    23.20    26.42     1.846
   -7.45     9.46    15.05       -10.69    10.56    13.94     3.598
    9.10    25.70     7.40         8.97    26.01     7.45     0.344
   25.89    11.80   -17.82        31.89    14.49   -21.63     7.599
  -20.33   -30.28   -17.47       -20.40   -31.03   -16.88     0.964
   24.79    -8.45    18.80        23.72    -5.18    18.45     3.462
   -7.44    -6.69    20.05        -7.10    -6.43    20.01     0.427
  -40.89    -1.75   -31.38       -41.42    -1.47   -31.56     0.632
  -31.18    -7.29   -46.96       -31.11    -7.33   -46.79     0.190
   -0.88     8.13    55.55        -5.83    10.51    55.30     5.495
  -33.45     4.53   -37.28       -33.55     4.63   -37.39     0.177
   -1.75    20.39    53.75        -0.09    17.75    53.49     3.126
  -28.42     9.59   -26.84       -28.89    10.66   -26.80     1.159
   -8.74   -21.82   -15.92        -7.68   -23.87   -14.45     2.738
    0.00    -7.28    57.01         0.31    -6.56    56.96     0.785
   -7.65   -20.08   -14.89        -6.53   -22.47   -13.29     3.089
   12.66    23.42    35.80        12.85    22.15    35.72     1.283
   25.18    12.05    27.61        25.91    12.28    27.82     0.785
  -19.58    -2.71    -3.76       -19.68    -2.64    -3.70     0.140
   10.61     9.42   -19.37        11.39     6.22   -16.08     4.653
   25.83    -1.60    25.16        25.76    -1.53    25.13     0.101
  -42.78   -17.21   -36.20       -39.83   -16.76   -35.50     3.060
   12.60    23.90   -14.06        12.98    23.24   -14.00     0.756
   22.70     0.82    42.93        22.51     0.92    42.92     0.215
   14.14    23.72    30.17        13.95    22.56    30.24     1.184
   13.83    26.11     9.10        13.86    26.38     9.14     0.280
   22.55     4.40   -25.41        20.52     3.35   -26.44     2.506
  -30.15   -11.28   -10.93       -32.02   -10.63    -7.04     4.361
    1.07    -2.49   -21.43         2.29    -1.39   -24.06     3.106
  -16.57   -28.26   -42.32       -16.78   -26.92   -41.20     1.755
    9.54   -14.92    -2.87         9.26   -15.74    -2.73     0.881
   -3.53    14.04    43.17        -5.82    15.35    44.65     3.021
   12.37    -7.06    22.86        12.37    -7.04    22.85     0.022
    5.35    11.29    -3.46         3.42    13.69    -5.68     3.792
