150 PA5-C-Debug-Output.txt
    0.0001    0.0023   -0.0017   -0.0022   -0.0011
    1.61    -8.11    51.42         1.75    -6.78    51.41     1.337
  -38.69   -10.54   -39.09       -39.61   -10.61   -39.28     0.942
  -19.54   -33.73   -22.63       -19.76   -32.29   -22.81     1.471
   10.98   -16.24   -15.53        10.81   -14.90   -15.16     1.402
   -4.96    -0.99    44.64        -5.56    -1.20    44.63     0.632
  -25.07    13.46   -27.74       -24.73    11.95   -27.48     1.578
  -12.85    -4.55   -49.83       -13.00    -5.26   -47.46     2.472
   15.14    20.36    33.81        15.17    22.29    34.41     2.023
  -12.04    24.77    32.69       -10.90    23.21    31.86     2.105
   -8.29   -17.66    -7.57        -8.29   -18.03    -7.14     0.572
  -12.47    -2.69   -48.55       -13.05    -3.21   -46.86     1.859
   28.53   -13.44   -16.07        27.90   -12.32   -15.88     1.305
   -0.88   -16.39    -2.37        -1.01   -14.78    -3.13     1.777
   -0.28    -8.15    53.18         0.44    -6.50    53.33     1.809
   10.49    22.60    36.77        10.62    21.76    36.71     0.854
   -1.02    23.05    48.18         0.64    19.21    47.41     4.256
   -2.31    -7.14    64.61        -1.45    -5.38    63.48     2.265
   12.78    23.66    31.83        12.86    22.52    31.78     1.143
  -39.67   -17.06   -14.56       -39.43   -16.96   -14.73     0.313
   -2.91    10.84    37.26        -7.82    10.07    38.26     5.067
   -5.01    -2.16    35.14        -5.98    -2.81    35.26     1.167
   -0.36   -20.69   -34.14        -1.18   -19.93   -33.81     1.168
   14.16    27.01     1.77        14.20    27.38     1.71     0.377
  -22.35     7.75   -17.14       -22.34     8.00   -16.90     0.344
   29.16     3.89   -27.67        29.81     4.08   -28.70     1.235
   15.65    -7.31    20.08        15.59    -6.91    20.03     0.409
   11.25    19.92   -12.45        10.91    20.06   -12.58     0.394
   -6.50     0.41    29.14        -7.52     0.26    29.36     1.053
   10.42    22.48    -1.27         9.08    24.46    -1.89     2.471
   14.08    27.26     3.23        14.07    27.25     3.22     0.018
  -17.97    12.35   -38.44       -17.51    10.07   -36.64     2.942
  -40.57     2.07   -29.02       -40.02     1.68   -28.99     0.678
   -1.96    -6.46    64.64        -1.45    -5.38    63.48     1.663
    5.44     8.33    65.19         5.27     8.41    63.36     1.840
   10.82    10.36   -10.76        10.61    11.17   -12.09     1.579
   -0.94    -7.39    44.14        -0.42    -6.21    44.09     1.292
  -24.63    13.30   -26.27       -24.42    12.01   -26.41     1.310
   34.34    -2.15   -10.57        35.92    -3.62   -10.01     2.227
    1.47    -5.84   -24.10         2.66    -5.32   -25.55     1.953
   21.10    23.22   -20.74        21.76    24.60   -20.72     1.533
   32.19     7.16   -21.82        33.88     7.22   -22.60     1.861
    8.58    21.01    45.33         8.62    20.79    45.32     0.227
   20.01     4.77    36.47        24.44     4.10    37.23     4.543
  -25.15   -32.84   -20.42       -24.96   -31.80   -20.76     1.117
   35.98     0.23    -1.75        37.35    -1.15    -1.86     1.951
   31.00    -7.36   -11.56        31.82    -8.20   -11.24     1.216
   11.89    27.81    12.56        12.22    25.76    11.82     2.208
  -32.35   -29.06   -18.86       -32.07   -28.56   -19.08     0.617
    7.02     3.47   -17.22         7.34     4.32   -18.15     1.301
  -17.78   -16.88   -49.97       -18.14   -16.02   -48.02     2.159
    8.15    -9.75    12.70         8.23   -10.20    12.87     0.488
  -28.68   -28.68   -13.75       -28.35   -28.11   -14.23     0.814
    3.58    28.90    19.59         3.71    24.11    19.45     4.800
   -4.02    -3.57    35.57        -4.72    -4.21    35.58     0.957
   22.24   -17.28   -16.50        21.77   -15.56   -15.72     1.949
    6.33    -7.44    43.81         6.29    -6.87    43.83     0.570
   12.52    23.85    31.93        12.62    22.50    31.88     1.364
   35.06    -1.87     1.37        36.13    -2.82     1.22     1.439
   10.03    18.50    -3.30         6.65    19.29    -5.25     3.985
  -32.55   -28.57   -17.93       -32.28   -28.04   -18.15     0.636
   -8.66    21.17    24.75        -8.69    25.03    24.60     3.866
  -28.49     7.89   -38.50       -28.29     7.17   -37.96     0.925
   -1.06    -8.99    22.13        -1.07    -9.23    22.17     0.246
   -0.76    17.13    56.92        -0.64    16.97    56.92     0.193
   32.22    13.76   -11.21        34.79    15.58   -11.65     3.182
  -34.93   -25.48   -16.65       -34.77   -25.31   -16.77     0.261
  -27.15   -29.87   -37.92       -26.89   -29.03   -37.55     0.954
  -13.68   -24.56    -9.67       -13.69   -23.94   -10.24     0.836
   12.42    23.33    33.39        12.49    22.41    33.26     0.931
   -4.02     9.50    -6.05        -4.10     9.64    -6.08     0.162
  -37.51   -11.37   -41.14       -38.18   -11.43   -41.74     0.897
   23.47     9.36    26.56        26.62    10.32    27.42     3.410
    1.59   -18.49    -7.84         1.37   -17.23    -8.47     1.421
  -17.32    -1.76    -1.40       -17.92    -1.56    -1.28     0.646
  -32.89   -11.77    -7.60       -33.02   -11.73    -7.34     0.296
    8.92    -3.01   -22.82         8.74    -3.06   -22.22     0.628
   22.91    -1.09    18.73        24.73    -4.36    19.65     3.853
   -6.57     2.88    58.14        -6.79     2.85    58.13     0.232
   -3.81    11.96    10.71        -6.28    13.92     9.20     3.494
   -6.42     3.22    62.33        -6.20     3.31    62.31     0.241
    8.69    -6.48    58.62         8.87    -7.09    58.66     0.646
   14.36     7.26   -20.16        15.32     6.97   -19.35     1.289
   18.29    18.13    42.21        18.84    18.59    42.35     0.733
    1.74    17.05     9.30        -0.62    19.10     7.76     3.486
   33.01     3.63   -17.54        35.76     3.52   -18.34     2.865
  -25.94     8.60   -39.45       -25.42     7.69   -38.63     1.337
    5.23     7.95    65.55         5.03     8.04    63.37     2.187
   12.83    21.17    35.43        12.69    22.14    35.49     0.991
  -14.68   -22.81   -47.74       -15.74   -21.11   -45.28     3.175
   -4.55    30.36    37.48        -6.51    23.32    33.94     8.120
    8.40    -6.88    46.71         8.39    -6.75    46.71     0.129
   -3.47    -2.16   -37.01        -3.89    -2.40   -36.91     0.487
   29.56   -10.24   -17.47        29.86   -10.64   -17.60     0.515
    7.31    27.77    23.34         7.51    23.72    22.82     4.087
  -24.18   -31.56   -16.40       -24.35   -30.62   -16.80     1.043
   10.45    22.15    -2.24         9.04    24.23    -2.53     2.532
  -16.82   -33.76   -31.94       -17.18   -31.92   -31.55     1.923
   11.98    12.09    -9.74        11.17    12.55   -11.45     1.948
   -6.27   -16.41    -4.71        -6.24   -16.24    -4.82     0.207
    1.30    20.40    53.38         1.90    18.57    53.26     1.929
   -3.52    12.19    31.56        -8.71     8.59    33.47     6.597
   -8.59     9.09   -13.32        -8.52     8.15   -13.34     0.945
  -44.12    -4.90   -20.74       -43.45    -5.33   -20.93     0.817
   12.58    27.84    12.32        12.82    25.92    11.64     2.049
   31.53    -1.95     8.43        33.06    -5.00     9.62     3.612
  -25.58     8.69   -39.60       -25.19     7.62   -38.85     1.369
   -6.88    18.58    25.63        -5.58    24.90    25.61     6.457
  -32.90     8.53   -30.20       -32.72     8.25   -30.17     0.333
   -1.63    -8.90    22.88        -1.63    -9.11    22.91     0.212
   -1.84    13.08     8.80        -3.99    14.93     7.68     3.044
   -8.08    -1.12    23.15        -8.61    -1.22    23.29     0.558
   -1.80     9.76   -13.41        -1.77     8.94   -13.35     0.825
    3.75    18.78     7.82         1.59    20.73     6.55     3.169
    0.66    13.62     4.76        -1.33    15.50     3.66     2.953
    4.49     2.97    65.31         4.38     2.94    63.48     1.834
    4.14   -17.47    -4.14         4.12   -15.47    -4.89     2.137
  -19.67   -30.27   -14.13       -19.86   -29.44   -14.62     0.991
  -15.19    13.63   -35.21       -16.31    10.53   -34.34     3.412
  -23.25   -11.71   -50.35       -23.04   -11.30   -49.40     1.062
   12.12     1.23   -23.14        12.31     0.13   -21.18     2.254
    9.65    -7.81    21.63         9.61    -7.46    21.59     0.348
   -8.47    10.98   -21.26        -9.50     8.97   -21.42     2.271
   14.84    -6.73    23.05        14.84    -6.67    23.05     0.056
   14.63     9.30   -19.99        15.74     9.51   -19.77     1.149
   13.12     2.08   -23.70        14.34     1.75   -21.06     2.923
  -14.98   -16.61   -50.67       -15.28   -15.40   -47.89     3.052
  -31.26     6.79   -38.15       -30.90     6.08   -37.83     0.861
  -14.17   -15.47    -5.29       -14.25   -15.68    -5.06     0.317
   -5.50     9.79   -15.01        -5.15     8.45   -14.85     1.391
  -31.32   -18.68   -45.49       -31.12   -18.60   -45.22     0.343
   -4.85     4.53    47.40        -6.77     4.35    47.42     1.920
   20.50    23.98   -20.59        20.97    24.97   -20.57     1.094
  -12.75    -6.35     3.89       -13.42    -6.92     4.46     1.050
   16.13    -9.68   -26.70        18.43    -7.98   -23.32     4.424
  -14.79   -16.95    -6.82       -14.52   -17.55    -6.10     0.974
    9.31     0.72    64.74         9.32     0.59    63.24     1.505
    0.20     2.82    65.07         0.27     2.78    63.49     1.575
    4.86     6.36    65.75         4.64     6.46    63.34     2.423
   16.51    27.25    -0.40        16.50    27.22    -0.40     0.032
   -2.91    -7.09    52.40        -2.15    -5.30    52.38     1.945
  -16.71   -33.76   -32.00       -17.09   -31.88   -31.60     1.950
  -35.78    -8.23    -9.65       -36.06    -7.89    -9.15     0.662
    0.32   -16.79   -30.42         0.05   -16.75   -30.41     0.274
   14.99   -18.10   -12.88        15.44   -16.53   -12.28     1.736
    0.03    -8.22    26.44         0.02    -8.29    26.46     0.076
   12.75     1.13   -24.02        12.98    -0.27   -21.45     2.936
  -14.52   -17.63    -7.29       -14.29   -18.14    -6.68     0.828
  -13.67   -32.84   -21.86       -14.25   -31.10   -22.30     1.886
  -10.18   -17.35    -7.20       -10.17   -17.70    -6.84     0.508
   19.23    -4.32    21.10        19.54    -6.13    21.25     1.843
