150 PA5-G-Unknown-Output.txt6
    0.0008    0.0033    0.0014   -0.0010    0.0012
  -28.72     6.39   -40.06       -28.57     5.85   -39.66     0.694
  -21.17   -29.40   -40.93       -20.94   -28.27   -39.99     1.487
  -25.60     0.87   -14.33       -25.56     1.48   -12.76     1.689
    5.50     4.40   -17.76         5.65     4.86   -18.21     0.666
   15.85    -9.76    -1.09        17.64   -13.17     0.53     4.177
   15.35     1.88   -17.30        13.72     3.27   -19.20     2.860
    3.49    -8.54    56.56         3.60    -7.33    56.57     1.216
    6.69    12.04    65.43         6.74    11.90    63.22     2.212
   -1.78    25.26    25.20        -2.04    24.13    25.21     1.158
  -30.05    -8.30   -50.06       -29.42    -8.84   -47.70     2.502
    6.54    -6.66    70.19         6.89    -5.95    63.42     6.814
    2.09    19.37    40.47         2.01    20.62    40.69     1.275
   -8.01    -0.15   -42.81        -8.68    -0.55   -42.03     1.099
  -11.82     7.64   -30.58       -11.27     8.77   -30.68     1.262
   26.24     0.55     0.84        33.83    -5.12    -0.37     9.557
  -33.64    -4.70   -12.55       -34.64    -3.91   -10.63     2.299
  -29.31   -19.71   -48.16       -28.59   -19.22   -46.20     2.151
   17.69    -7.19     0.90        19.84   -10.98     2.65     4.689
  -36.09   -27.30   -29.75       -35.61   -26.82   -29.67     0.678
   -0.11   -18.48   -21.88         0.98   -19.53   -21.63     1.531
  -22.68   -21.21   -10.65       -22.60   -22.56    -7.93     3.038
    7.17     0.79    72.10         7.33     0.93    63.38     8.722
  -15.17   -30.14   -28.99       -14.69   -31.58   -29.18     1.529
   35.99     9.25     3.24        38.39    10.79     3.43     2.860
   16.48    25.20    -9.74        16.25    25.90    -9.88     0.747
   -4.92   -16.88   -11.30        -4.37   -18.67    -9.90     2.333
   16.70    -1.29    22.60        17.48    -6.28    23.14     5.087
    9.80     8.87   -12.57         9.87     9.56   -13.16     0.905
  -11.22     7.45   -32.34       -10.78     8.39   -32.41     1.043
  -34.71     2.10   -17.00       -36.18     3.13   -16.23     1.946
   21.39    22.33   -19.49        21.88    24.60   -19.93     2.360
  -21.88    -8.40   -50.94       -22.14    -9.24   -49.40     1.766
  -44.01    -6.19   -35.53       -41.50    -5.40   -34.29     2.902
   11.08    -4.07    43.44        11.35    -6.36    43.39     2.302
   -0.27    -1.23    53.73        -3.51    -3.83    53.25     4.185
  -41.78    -2.81   -37.43       -39.95    -3.38   -36.64     2.073
   -9.37     1.46     1.71       -12.55     5.18     1.95     4.897
    1.44     1.72   -22.19         1.82     2.08   -22.60     0.659
  -29.74    -6.96   -11.83       -29.86    -5.49    -8.75     3.421
   20.18     1.28    62.87        19.40     1.70    62.37     1.020
  -17.51    11.07   -32.37       -17.46    11.33   -32.44     0.277
   16.18    22.63    37.77        15.91    21.56    37.83     1.104
  -34.81   -14.26   -47.81       -33.80   -13.76   -45.95     2.179
   33.04    17.49     4.50        33.25    17.69     4.52     0.284
  -27.41   -21.25   -10.59       -27.96   -22.70    -8.77     2.392
  -14.66   -23.03   -13.87       -14.30   -25.15   -11.34     3.324
   -7.09     7.46   -10.86        -7.29     8.32   -10.91     0.886
   18.92    21.72    45.78        17.17    19.86    45.14     2.636
   -8.58    -4.59     7.94       -10.77    -6.04     9.25     2.944
  -35.10   -26.24   -21.65       -35.48   -26.69   -21.53     0.610
  -33.38     7.54   -28.58       -33.62     7.96   -28.65     0.488
  -35.76   -11.85   -11.71       -37.08   -12.35   -10.38     1.940
   -4.11    -3.10   -30.67        -3.24    -2.67   -31.04     1.037
   20.63    14.70    47.71        20.70    14.75    47.73     0.085
    3.21    15.97    14.97        -0.19    21.99    12.51     7.346
    0.04    -5.24    47.14        -0.35    -6.12    47.16     0.962
   -6.69   -17.51   -42.73        -6.84   -17.48   -42.55     0.235
   22.86    26.46   -13.68        22.54    25.05   -13.57     1.450
    8.32    24.96    29.75         8.35    22.73    29.34     2.270
  -23.18     2.97   -14.94       -23.50     3.52   -13.38     1.682
  -19.64     7.46   -41.03       -19.46     6.68   -40.40     1.015
   27.56    18.34   -22.62        27.98    18.68   -23.01     0.674
  -15.67     7.64   -20.93       -15.85     9.88   -19.79     2.512
  -17.31   -27.62   -42.11       -17.44   -26.83   -41.45     1.046
   -2.78    21.91    22.37        -2.76    24.17    22.28     2.260
   -0.62    17.00    21.06        -0.11    23.74    19.59     6.915
  -26.45   -25.83   -11.56       -26.42   -26.28   -11.02     0.706
   -0.49    17.27    40.03        -1.03    19.99    40.93     2.909
    0.12   -17.30   -22.81         1.53   -18.19   -23.47     1.787
   11.00    -4.94    51.25        11.36    -6.38    51.15     1.485
   31.79     3.39    14.42        32.75     3.39    15.10     1.176
   -5.81   -22.39   -38.91        -6.14   -22.13   -38.64     0.505
   22.71    17.60    30.81        22.48    17.48    30.75     0.269
   -1.21    -2.88   -26.03        -0.51    -2.29   -27.02     1.344
   17.59    28.83    -0.94        17.30    27.11    -1.02     1.739
  -13.26     7.63   -19.46       -12.83     9.44   -18.66     2.023
   -7.83     4.94   -28.33        -7.18     5.75   -28.49     1.054
  -26.63   -26.29   -11.83       -26.66   -26.75   -11.50     0.564
  -29.21     6.37   -16.64       -29.29     7.19   -15.79     1.180
   20.24    17.91    47.34        19.20    17.04    47.17     1.358
   20.86    13.94   -24.17        23.93    15.43   -28.58     5.577
  -11.27   -25.79   -39.84       -11.24   -25.83   -39.88     0.065
   17.02    -1.08    26.95        18.18    -5.55    27.45     4.638
  -32.68     5.69   -39.03       -32.07     5.10   -38.40     1.061
  -28.64   -31.19   -29.58       -28.67   -31.27   -29.58     0.085
   13.17    -2.20    33.14        14.04    -6.01    33.16     3.904
    4.26    10.96   -11.71         4.27    10.56   -11.46     0.472
   -5.76   -20.80   -40.91        -6.25   -20.39   -40.52     0.744
  -15.50    10.40   -32.79       -15.43    10.55   -32.82     0.169
  -25.13    10.13   -34.07       -25.15    10.20   -34.09     0.071
    0.05    -5.11    51.59        -0.35    -6.07    51.60     1.041
  -37.44    -0.91   -42.04       -36.27    -1.45   -41.14     1.566
   27.04    21.06   -18.52        27.60    21.91   -18.76     1.048
   -0.85    -3.12    47.95        -1.89    -5.34    48.14     2.457
    4.06    16.67    13.97         0.89    22.27    11.68     6.825
   -1.89    14.13    37.71        -7.57    14.99    40.43     6.349
   -4.50    -0.72   -34.59        -4.46    -0.70   -34.59     0.039
  -19.22   -14.64   -50.43       -19.40   -14.15   -48.82     1.691
   12.98    -4.10    17.00        13.37    -7.54    17.55     3.509
   21.03    19.96    37.82        19.67    18.98    37.42     1.728
  -13.73   -20.49   -10.30       -13.65   -21.01    -8.78     1.608
   -8.24   -14.64   -46.28        -9.05   -14.27   -45.36     1.277
  -22.94   -18.32   -49.78       -22.95   -17.57   -47.79     2.123
    3.86    -9.25     8.26         3.33   -12.05     8.55     2.862
   -0.48    -9.28   -25.54         1.77    -9.32   -26.95     2.659
  -29.73   -11.26   -10.29       -28.89    -9.21    -7.16     3.830
   -1.20    -2.12   -26.11        -0.70    -1.71   -26.81     0.952
    0.07    -8.71   -24.83         1.82    -8.41   -26.87     2.704
    7.11    -8.38    62.76         7.02    -7.37    62.43     1.064
   20.07    20.92   -21.40        22.08    23.75   -23.22     3.917
   -5.08   -22.60   -36.82        -5.12   -22.57   -36.79     0.056
   11.13    -1.28    68.40        10.64    -1.60    63.25     5.187
   29.51    11.42   -23.92        31.09    12.53   -25.07     2.246
   28.36     4.81    20.37        29.42     4.70    20.79     1.147
   -4.63    22.08    26.24        -4.09    24.60    26.20     2.581
    8.32    12.09    -9.71         8.22    12.35    -9.94     0.366
    8.04    16.58     2.66         3.76    19.03     0.79     5.275
   -5.03    -5.65    13.88        -6.91    -8.03    14.38     3.074
   -8.19   -24.79   -38.19        -8.20   -24.78   -38.19     0.003
   20.14    18.09    47.78        19.04    17.16    47.61     1.454
   -2.12    -1.18    24.59        -6.20    -4.57    26.82     5.747
  -11.71   -16.24   -47.47       -12.19   -15.89   -46.68     0.990
    0.99    25.68    29.88         0.50    23.31    29.26     2.495
  -39.92   -13.30   -13.64       -39.65   -13.25   -13.83     0.332
   -3.38    -8.65   -34.02        -2.02    -8.07   -33.88     1.478
   -2.46   -14.37   -36.48        -1.51   -14.37   -36.90     1.039
    1.38    11.58    13.98        -4.02    16.43     9.35     8.605
  -26.41    -8.21   -51.17       -25.65    -9.34   -49.07     2.504
    8.44    -6.77    55.39         8.48    -7.11    55.38     0.339
   28.99    16.17    15.90        28.63    15.93    15.71     0.472
   27.71    21.21   -18.11        27.95    21.84   -18.17     0.684
    2.25    -9.20    69.10         1.96    -6.71    63.49     6.147
   11.29    -4.85    52.49        11.67    -6.39    52.37     1.597
  -44.74   -10.96   -38.65       -40.05   -10.44   -37.52     4.851
    4.33    -6.25   -20.22         5.84    -5.66   -23.47     3.636
  -16.72   -10.52   -50.32       -17.05   -10.39   -48.84     1.518
  -14.06   -25.60   -42.31       -14.17   -25.28   -41.99     0.461
    7.12    16.71     5.59         2.76    19.09     2.89     5.650
  -31.12   -22.41   -11.90       -31.70   -23.24   -11.13     1.272
    3.45   -10.93    -0.81         2.99   -13.40    -0.18     2.592
  -17.74   -18.89   -10.10       -16.81   -20.55    -7.56     3.176
   20.45    16.45   -22.68        23.67    19.70   -26.22     5.785
   -3.41    14.24    27.11       -10.07     8.48    28.96     8.998
  -30.46     6.90   -37.95       -30.23     6.58   -37.73     0.451
  -17.16     8.50   -38.61       -17.16     8.39   -38.54     0.138
    0.90     5.24    58.98         0.68     5.36    63.45     4.475
   12.01     6.91   -17.18        12.20     6.12   -16.37     1.150
   17.89    21.79   -21.64        16.16    24.65   -21.94     3.357
  -11.06     8.01   -19.59       -10.65     9.18   -19.40     1.254
   30.95    21.19    -9.86        30.49    20.63    -9.86     0.727
