400 PA5-J-Unknown-Output.txt 6
    0.0019   -0.0022   -0.0007   -0.0021    0.0004
    0.15    -9.97    10.93         0.11   -11.11    11.08     1.146
   22.83   -12.03   -27.27        23.23    -9.04   -24.20     4.303
  -10.38     8.68    61.21        -6.75     7.97    60.93     3.707
  -28.11   -24.62   -42.22       -28.19   -24.77   -42.37     0.221
   10.62    11.08    63.95        10.61    11.08    63.16     0.791
    3.60     1.26    66.08         3.45     1.44    63.44     2.655
    1.31    -8.88    26.50         1.24    -8.44    26.40     0.461
   24.85    24.74     3.90        24.58    24.19     3.85     0.611
   14.73    19.99   -10.29        11.15    21.27   -11.98     4.157
   -8.71     2.34    66.39        -5.81     2.56    62.79     4.627
   -7.32     6.98    66.10        -5.43     6.20    63.32     3.450
   -7.59    -2.41    41.70        -5.60    -1.67    41.51     2.132
   -6.55   -18.14    -4.52        -6.41   -16.86    -5.70     1.743
   23.87   -17.48   -19.83        23.06   -14.01   -18.35     3.856
   31.75    24.44   -24.62        28.09    20.39   -21.41     6.331
   -8.61    -5.26    62.40        -4.83    -2.66    62.39     4.585
   24.27    10.49   -33.62        24.08    10.88   -30.90     2.753
  -11.93     4.74    62.62        -7.13     5.65    61.92     4.937
   22.06    16.81   -28.93        22.22    17.00   -29.20     0.361
   15.00    -2.48    26.79        15.34    -6.23    26.92     3.767
   23.00     3.91   -31.48        23.45     4.43   -29.86     1.751
  -21.98   -34.04   -24.93       -22.07   -32.68   -24.97     1.368
   27.23    26.86   -28.35        23.14    22.27   -24.34     7.338
   37.81    17.53   -10.55        35.06    15.58   -10.08     3.399
    4.02    14.43    68.26         3.87    14.56    63.15     5.112
   -1.24    -8.82    14.63        -1.35   -10.50    15.06     1.740
   11.43    22.31    18.16        11.51    24.39    18.47     2.099
   -3.60     8.47   -10.43        -3.63     9.09   -10.48     0.621
    0.16     1.12    66.87         0.26     1.32    63.44     3.442
  -38.48   -24.41   -30.02       -38.25   -24.17   -29.99     0.331
  -16.53   -26.67    -5.77       -17.82   -24.00    -9.51     4.769
    1.30    17.23     4.57         0.88    17.72     4.20     0.751
    1.47     2.71   -28.68         0.19     1.09   -24.73     4.457
   25.47    13.21   -34.94        24.55    11.93   -31.02     4.228
  -22.06   -34.21   -27.73       -22.07   -32.80   -27.67     1.413
    8.60    -7.50    20.59         8.65    -7.68    20.61     0.189
   26.04    -6.82     2.49        26.12    -9.19     3.32     2.514
   -8.02    18.88    11.64        -6.89    18.44    13.23     2.001
   32.11    24.86   -22.10        28.65    20.81   -19.90     5.766
   -0.75    -8.70    66.45         0.29    -6.06    63.49     4.101
   -7.20   -27.37   -30.70        -7.21   -27.36   -30.69     0.017
   -9.85    -3.87     8.84       -11.30    -4.83     9.71     1.943
    2.00    -8.91    25.72         1.91    -8.48    25.65     0.444
  -16.04    11.38    27.12       -14.93    12.21    26.98     1.394
   -3.84    -6.14    30.68        -4.01    -6.37    30.74     0.291
   20.26     5.35    23.28        27.65     4.62    25.74     7.821
  -42.85   -14.10   -11.89       -39.74   -13.55   -14.03     3.811
  -10.40     0.41   -43.53       -10.65     0.21   -43.14     0.504
   29.25     5.16   -35.44        27.55     4.09   -30.18     5.633
  -14.60   -26.59    -6.66       -14.64   -23.39    -9.63     4.362
    2.99    -2.69    65.90         2.93    -2.81    63.37     2.534
   22.84   -16.08    -6.21        22.19   -15.29    -6.53     1.077
  -32.02   -30.83   -16.10       -30.67   -28.48   -17.19     2.922
  -38.63   -17.26   -40.16       -38.24   -17.06   -39.84     0.541
  -40.69   -18.07   -36.19       -39.47   -17.75   -35.82     1.316
   -1.50     1.24    66.28        -1.56     1.26    63.43     2.856
   -8.15   -18.93    -4.64        -8.03   -17.12    -6.15     2.370
   35.09    22.74   -18.77        30.40    19.91   -17.39     5.650
  -18.94     6.99   -10.52       -18.14     4.62   -11.58     2.711
   29.14   -13.23   -13.51        28.39   -11.98   -13.62     1.464
   -0.39    -8.05    50.13         0.32    -6.37    50.10     1.821
   -2.55     8.92    -4.35        -3.41    10.35    -4.64     1.690
    1.46   -11.16    12.65         1.47   -10.97    12.63     0.191
   14.31    27.44     1.13        14.29    27.28     1.16     0.162
   14.04    26.21     5.22        14.09    26.91     5.29     0.707
  -36.29   -16.71    -4.22       -34.86   -15.77    -8.43     4.545
    1.87    16.90    38.24         1.79    20.86    38.85     4.010
   -5.39    -3.46    26.57        -6.38    -4.38    26.77     1.371
   -6.02    16.27    11.78        -6.11    16.33    11.70     0.137
    8.67   -17.73    -0.07         9.25   -15.35    -0.50     2.487
   -6.32    -4.51    50.35        -4.45    -3.24    50.14     2.272
   -6.86     8.14     8.74        -9.10     9.97     8.03     2.981
  -28.96     7.55   -10.75       -28.95     5.57   -14.57     4.311
    2.65    14.56     3.12         1.39    16.61     2.11     2.610
   -3.75     8.46   -11.20        -3.77     9.02   -11.25     0.562
  -11.32     7.31    56.77        -7.09     6.52    56.99     4.314
   20.18    25.33   -28.92        19.21    22.48   -27.09     3.528
   -1.83    -7.64    47.92        -0.97    -5.80    47.76     2.039
   23.78   -15.27    -6.80        23.25   -14.63    -7.06     0.870
   24.25    -0.90     9.74        24.49    -6.66    11.48     6.017
  -25.27    12.77   -16.86       -24.56    10.27   -18.51     3.081
   -4.46    -5.22    34.55        -4.11    -4.89    34.55     0.478
  -22.31   -21.24   -46.32       -22.31   -21.24   -46.33     0.002
    0.97   -12.61     1.56         0.97   -12.82     1.61     0.224
   16.61   -21.07    -6.67        16.43   -17.50    -7.32     3.629
   39.19    16.64   -20.82        33.64    13.21   -19.46     6.657
  -12.74     7.77   -10.92       -12.37     6.85   -11.17     1.019
  -39.56   -19.00    -9.50       -36.86   -17.88   -11.64     3.622
  -11.17     6.13    52.63        -7.11     6.24    52.67     4.064
   -9.37    -2.26    16.36        -9.84    -2.35    16.47     0.493
    9.07    -2.36    57.78        10.36    -6.69    58.17     4.541
    0.59   -10.81    18.06         0.60    -9.94    17.88     0.889
  -12.71     0.17     3.63       -14.53     1.21     4.37     2.218
   18.68    19.12    32.34        19.67    20.15    32.40     1.428
   28.04   -11.49   -24.67        27.04    -9.41   -23.13     2.780
   20.18    25.65   -22.72        19.99    25.25   -22.65     0.443
   35.47    11.20     5.57        37.56    12.26     5.58     2.340
   -1.20   -23.69   -11.33        -2.85   -20.27   -12.89     4.106
  -32.34   -25.11    -6.50       -30.57   -22.27    -9.21     4.306
   14.32     6.01    48.49        22.49     4.73    49.11     8.288
  -11.07     6.79    -9.96       -11.11     6.91    -9.93     0.128
   -4.81    22.46    27.09        -4.41    24.58    27.64     2.225
    1.49    -8.30    32.21         1.44    -7.48    32.13     0.830
   15.26    18.60   -11.90        12.65    16.57   -13.51     3.675
   -6.78   -26.83   -30.05        -6.62   -27.08   -30.09     0.304
    7.52    21.45     1.43         6.20    23.10     0.97     2.159
   -6.95   -22.88    -5.47        -7.91   -18.94    -7.93     4.745
    0.82    14.89    53.05        -0.74    17.36    53.29     2.930
  -40.30   -16.53    -8.31       -36.89   -15.78   -10.59     4.165
   20.31    15.80    28.84        22.75    17.56    29.38     3.059
  -37.80     2.78   -38.89       -36.74     1.56   -37.92     1.885
  -16.04    17.39   -23.29       -16.92    11.85   -24.03     5.658
    2.71    15.41    66.14         2.78    15.35    63.20     2.941
    7.57    14.99    -4.14         5.81    16.27    -5.31     2.478
    3.28   -18.11    -8.62         3.13   -17.23    -9.06     0.992
   -6.79    -4.47    50.07        -4.51    -3.14    50.00     2.638
   -3.40     8.45   -11.44        -3.42     9.02   -11.48     0.575
   10.79    -3.93    37.43        11.14    -6.27    37.46     2.367
   38.80    16.66   -11.88        35.28    15.01   -11.13     3.954
   38.32    -4.08   -13.60        36.36    -2.68   -12.78     2.548
  -11.22     2.67    48.93        -6.71     3.44    49.29     4.586
   -4.15    13.84    10.69        -5.74    15.05     9.75     2.211
   25.58   -18.02   -18.34        23.53   -14.59   -16.80     4.282
   33.81    23.63   -22.22        29.48    20.24   -19.61     6.085
  -32.17   -17.62    -2.12       -30.64   -17.39    -7.60     5.693
    6.53   -17.54    -6.69         6.77   -16.02    -6.90     1.554
   -0.50    11.14    67.31        -0.49    11.00    63.30     4.012
  -14.78    10.76    30.71       -13.96    11.90    30.13     1.521
   36.45    -2.71   -29.72        31.65    -1.39   -25.75     6.370
   -1.54    21.34    16.17        -2.24    22.69    15.29     1.761
  -32.32    10.47   -31.40       -31.40     9.02   -30.84     1.816
  -37.25   -24.93   -13.44       -35.49   -23.13   -14.83     2.874
   12.98    -6.77    14.31        13.26    -8.29    14.72     1.596
  -33.35   -20.68    -3.66       -30.97   -19.63    -8.28     5.299
  -39.78   -25.01   -21.02       -38.31   -23.86   -21.42     1.908
  -32.71   -13.81   -45.59       -32.79   -14.02   -46.09     0.555
   11.64    24.47     8.60        11.35    26.34     8.84     1.905
   -2.20    15.91    10.41        -3.52    16.96     9.28     2.031
  -28.58     1.20    -7.67       -29.02    -1.29   -11.34     4.460
   19.70    19.54   -32.31        18.89    18.28   -30.24     2.554
  -25.98   -31.56   -34.34       -25.89   -31.06   -34.11     0.566
  -23.52   -30.50   -11.14       -23.13   -27.98   -12.86     3.082
  -31.78    -6.88   -46.80       -31.63    -6.97   -46.46     0.379
   -3.56    -6.69    46.25        -2.60    -5.20    46.05     1.784
  -19.55    -2.57    -3.37       -19.48    -2.62    -3.42     0.096
  -43.31   -13.50   -33.28       -40.07   -14.09   -32.40     3.407
   33.03    22.69    -5.43        30.89    20.15    -5.55     3.326
   -9.02     8.51   -12.02        -8.95     8.09   -12.06     0.433
    0.38    -9.44    23.23         0.39    -9.09    23.16     0.353
  -31.74    11.75   -25.14       -30.69     9.84   -25.16     2.182
   -5.03     7.89   -10.36        -5.25     8.82   -10.41     0.963
    3.93    17.27    59.10         3.44    18.61    59.19     1.423
  -10.73    15.21   -27.99       -13.66    10.81   -27.08     5.362
   -5.47    19.28    10.92        -4.74    18.46    11.84     1.436
    3.38    -9.23   -28.88         1.46    -9.57   -27.67     2.289
   17.68    -5.82   -29.01        20.17    -6.16   -24.07     5.541
   17.23    -7.93     6.57        18.10    -9.61     7.43     2.084
    3.34    -3.98   -28.71         1.50    -4.89   -26.32     3.148
  -22.32     4.90    -9.46       -21.03     2.69   -11.19     3.091
  -10.30    -8.55   -45.95       -10.03    -8.48   -46.83     0.923
   17.04    15.76    39.51        19.90    17.84    40.09     3.580
    0.81    12.16    67.95         0.82    11.99    63.26     4.695
  -29.04   -32.77   -27.19       -28.49   -31.48   -27.10     1.399
   -4.99   -25.34   -30.40        -4.87   -25.45   -30.44     0.178
   -8.60    -2.40    48.11        -5.54    -1.26    48.06     3.265
  -17.88   -18.79   -46.47       -17.78   -18.97   -47.07     0.633
    1.68   -22.95   -28.36        -1.11   -21.53   -28.04     3.144
   -2.19    -8.16    17.74        -2.73    -9.70    17.98     1.653
   19.85    20.90   -19.61        21.45    24.73   -19.72     4.156
   15.58    28.12     1.60        15.47    27.23     1.74     0.906
   35.77    -0.74     3.33        37.16    -1.94     3.16     1.845
   33.60    22.84    -9.52        30.81    20.36    -9.50     3.731
   39.75     8.25   -27.94        32.84     8.16   -24.96     7.527
   11.01    -6.17   -26.60        10.95    -5.64   -22.18     4.451
   12.82    19.68    -8.99        10.10    20.50   -10.51     3.224
   -4.64   -21.39    -4.78        -6.54   -17.88    -7.02     4.579
   -9.06    12.43   -29.83       -10.88     8.69   -29.49     4.172
   -6.51    18.80    10.92        -5.58    17.96    12.06     1.697
   -9.60     2.04    13.56       -11.92     1.84    13.97     2.366
  -40.12   -20.13   -12.20       -37.91   -18.71   -13.88     3.126
  -26.92   -32.14   -12.56       -26.15   -28.65   -14.17     3.915
    5.66    -5.46    54.30         5.83    -7.33    54.28     1.874
  -44.92    -5.14   -16.58       -42.61    -5.19   -18.30     2.876
    6.03    -6.96    28.63         6.08    -7.31    28.64     0.347
   14.32     0.51    38.27        15.38    -5.52    38.44     6.127
    7.81    21.38    -0.23         6.33    22.21    -1.05     1.889
   38.97     5.78     2.83        39.84     5.68     2.89     0.877
   26.64    27.35   -28.66        23.02    22.26   -24.45     7.528
   15.67    28.23     1.22        15.53    27.16     1.39     1.089
   -5.51    -4.58    36.90        -4.89    -4.01    36.89     0.840
  -10.33     6.18    40.01        -7.32     6.56    39.73     3.044
   15.72    21.37   -11.33        13.96    24.23   -12.32     3.507
   27.17    22.01     8.19        27.26    22.16     8.22     0.178
   31.30    -8.89   -11.27        31.22    -8.80   -11.30     0.122
   40.84    11.99   -18.94        35.67     9.85   -17.19     5.859
   25.80    22.04   -34.06        22.43    17.99   -28.37     7.760
   -5.57    21.80    18.63        -5.97    23.03    17.84     1.518
  -37.92   -11.62   -44.24       -36.96   -11.68   -43.49     1.219
   -8.27   -18.83    -4.46        -8.14   -16.99    -6.00     2.406
    2.70    21.12    12.60         1.39    22.75    12.17     2.133
   -0.45    14.57    54.60        -1.77    16.24    54.95     2.154
   20.50    19.07   -33.78        19.28    17.21   -30.74     3.766
  -15.71    -2.98   -46.79       -15.62    -2.93   -47.22     0.448
    7.28    11.15   -15.63         7.22     9.09   -13.88     2.701
  -43.34   -12.77   -12.78       -40.45   -12.35   -14.77     3.537
  -23.77   -31.52   -11.90       -23.33   -28.63   -13.86     3.525
   -1.05     3.83    65.09        -0.97     3.79    63.41     1.683
   -9.41   -15.41    -2.58        -9.32   -14.71    -3.04     0.846
   -3.59    14.59    43.23        -5.64    15.76    44.55     2.703
   -0.84   -18.01   -34.91        -1.06   -17.98   -34.80     0.251
   32.81    23.12    -7.08        30.63    20.44    -7.22     3.459
   18.91     1.15   -29.27        21.40     2.62   -27.42     3.430
  -34.86   -11.21    -1.36       -32.20   -12.14    -6.87     6.189
   -1.97    10.30   -19.60        -1.81     7.71   -18.07     3.014
    1.52     1.43    65.96         1.59     1.57    63.49     2.478
  -27.27   -33.67   -20.03       -26.61   -31.48   -20.74     2.387
   13.93     7.73    51.20        22.25     7.87    52.50     8.425
   -9.32     7.90   -11.39        -9.29     7.82   -11.41     0.092
    6.35    22.02    15.43         6.13    24.57    15.74     2.582
  -37.95   -21.82   -36.53       -37.63   -21.63   -36.36     0.410
   -6.26    20.62    14.55        -6.26    20.62    14.55     0.003
    0.52     3.44   -28.84        -2.37     1.72   -26.67     4.003
  -25.14    -4.12   -47.90       -25.25    -4.38   -47.39     0.583
   14.97    -3.35    23.83        15.41    -6.49    24.10     3.180
   -3.52    21.74    16.67        -3.78    22.57    16.07     1.053
  -12.88    -0.50   -45.90       -13.06    -0.77   -45.50     0.514
    8.46    20.01    -1.56         6.39    21.32    -2.23     2.536
   -4.23   -15.08   -37.76        -2.56   -15.22   -38.76     1.948
  -11.00    -2.98    64.58        -5.65    -1.47    62.04     6.113
   11.14    23.80    11.15        10.97    25.67    11.63     1.939
    4.67   -19.71   -21.07         2.61   -17.78   -21.46     2.847
   -9.04   -29.68   -31.40        -9.59   -28.83   -31.26     1.025
    0.30    -8.78   -31.53        -0.62    -9.30   -31.03     1.165
   18.66    19.00    35.38        19.65    19.71    35.67     1.252
   -8.04   -26.83    -9.80        -9.86   -24.07   -12.55     4.300
   33.00     6.23     7.98        35.78     7.21    10.64     3.971
  -28.05   -30.86   -11.86       -27.22   -28.06   -13.40     3.302
   -0.11    15.96     8.70        -1.86    17.08     7.42     2.439
  -32.85     2.17   -41.90       -32.50     1.68   -41.36     0.808
  -42.02   -19.04   -15.39       -39.85   -18.16   -16.35     2.524
   42.05     4.64   -21.81        35.77     5.71   -19.21     6.871
  -20.39   -31.99   -12.41       -20.21   -29.20   -14.08     3.253
    0.69     0.27   -29.30        -1.80    -0.97   -27.51     3.306
  -30.30   -24.68   -40.96       -30.43   -24.85   -41.12     0.262
   12.62    22.80    -6.84        11.19    24.12    -7.62     2.095
   40.39    12.35   -22.14        34.57    10.50   -20.04     6.460
   -8.91    -4.15    10.37       -10.38    -5.15    11.06     1.903
    4.37    16.26     1.47         2.67    17.41     0.78     2.162
    9.14    -8.21   -26.01         8.07    -8.77   -23.20     3.062
    9.26   -17.73    -0.31         9.51   -15.42    -0.74     2.354
   16.41    26.45   -10.12        16.56    25.97   -10.02     0.512
   -4.42    -5.38   -35.98        -3.09    -4.75   -35.70     1.502
   -3.64    -5.84    67.27        -1.93    -4.70    63.47     4.322
    5.98   -15.88     0.22         6.43   -14.11    -0.22     1.880
  -38.14     7.75   -23.69       -36.45     5.71   -23.94     2.657
   21.48    29.33    -6.06        20.23    26.13    -5.67     3.454
    1.78    15.55    47.16         1.38    19.12    47.85     3.660
  -40.57   -23.02   -20.30       -39.33   -22.17   -20.48     1.510
  -36.81     4.46   -37.59       -35.78     3.29   -36.75     1.770
  -23.16    16.59   -28.26       -22.75    12.28   -27.58     4.384
   31.21    23.24    -1.93        29.66    21.22    -1.82     2.554
   -5.82    18.46     9.58        -4.54    17.52    10.79     1.998
  -14.89     3.84   -43.09       -14.95     3.71   -42.92     0.226
  -34.13     9.49   -28.26       -33.37     8.21   -28.05     1.509
  -19.08    11.79   -35.01       -19.21    10.99   -34.77     0.850
  -28.45   -21.17   -45.18       -28.47   -21.20   -45.22     0.057
   40.47    12.17    -8.87        37.39    11.09    -8.62     3.275
   -2.57    10.97    66.44        -1.87    10.21    63.32     3.284
    5.12     2.42   -25.46         3.74     1.08   -22.36     3.648
  -20.56    -9.51   -48.91       -20.54    -9.54   -48.98     0.078
   36.38    -6.28   -26.28        32.67    -4.10   -23.54     5.098
   -9.24    -0.60    19.31        -9.55    -0.66    19.37     0.323
  -18.87   -33.39   -29.26       -18.97   -32.58   -29.21     0.810
  -22.30     6.68   -41.40       -22.33     6.33   -41.02     0.521
  -22.76     6.50   -41.68       -22.80     6.10   -41.26     0.575
   25.73     0.65     9.91        26.49    -5.68    13.22     7.185
  -36.74   -25.88   -32.41       -36.39   -25.59   -32.30     0.468
   -0.39   -15.77    -3.56        -0.44   -15.09    -3.88     0.757
   25.47    -7.51     1.01        25.55    -9.74     1.78     2.362
    6.23    -5.71    51.10         6.26    -7.05    51.01     1.345
    1.87   -11.65    16.42         1.71   -10.43    16.12     1.273
    6.59    -1.07   -26.81         5.74    -2.44   -23.12     4.035
    8.80     0.60   -26.01         8.01    -1.25   -22.09     4.404
  -36.59     8.58   -26.28       -35.27     7.00   -26.48     2.068
  -40.04   -16.37   -38.90       -39.24   -16.17   -38.73     0.845
  -37.52     8.23   -25.34       -35.94     6.33   -25.57     2.479
   -7.82     6.72    -7.07        -8.25     7.83    -7.15     1.187
  -42.65    -1.83   -32.16       -41.60    -2.13   -31.73     1.180
   21.23    17.85   -33.77        19.75    16.20   -31.15     3.430
  -22.18    12.79   -34.21       -21.79    11.13   -33.65     1.788
   -9.62    -0.35    48.39        -6.26     0.83    48.27     3.560
   -4.03    -5.58   -36.67        -2.81    -5.16   -37.06     1.351
   -8.79     9.87    56.96        -6.49     9.16    56.98     2.403
   28.89   -11.35   -22.74        27.92    -9.88   -21.68     2.061
   10.33    -7.66    16.89        10.49    -8.28    16.97     0.648
  -21.98   -24.32    -4.65       -22.17   -22.55    -7.94     3.738
   -8.55    10.80    58.10        -6.22    10.08    58.12     2.436
   -9.84     8.16    49.73        -6.84     7.58    49.75     3.056
   35.06    19.64    -6.15        32.88    17.82    -6.26     2.842
  -11.31    10.15   -14.48       -11.15     7.99   -14.54     2.160
    4.03    -6.60    51.47         3.97    -7.03    51.43     0.438
    6.69     9.67   -19.86         5.66     6.40   -16.64     4.700
    5.63    -4.71    60.29         5.09    -5.80    63.13     3.097
   -0.11   -10.04    10.61        -0.15   -11.14    10.76     1.111
   -2.88    20.15    10.98        -2.64    19.90    11.18     0.401
    4.02    16.64     1.97         2.57    17.62     1.37     1.848
   -7.20   -12.08     2.08        -7.20   -12.06     2.08     0.014
  -43.55   -11.34   -34.17       -40.13   -10.48   -34.66     3.558
  -10.86   -20.70    -4.65       -10.94   -18.18    -7.27     3.640
    7.21    -7.27    23.42         7.31    -7.63    23.48     0.380
  -15.41    10.71    27.80       -14.45    11.69    27.63     1.379
   18.70   -12.78    -0.20        18.78   -12.96    -0.09     0.224
    6.97    -6.54    26.82         7.10    -7.27    26.96     0.761
   29.58    17.12    12.36        29.85    17.33    12.51     0.373
   12.80    10.19    55.53        12.84    10.29    63.11     7.585
  -38.37   -10.36    -3.10       -35.77   -10.02    -8.35     5.873
   27.75     6.40   -34.78        27.37     6.95   -30.12     4.710
   40.07    12.54   -23.00        34.32    10.77   -20.40     6.552
   -9.18    13.31    37.07        -9.60    13.13    37.35     0.536
   11.95    20.02    34.68        11.78    22.06    35.04     2.086
   -6.59   -21.93    -4.71        -7.10   -18.51    -7.56     4.482
  -39.72   -23.16   -14.76       -37.63   -21.90   -16.23     2.848
   -0.26   -17.44   -34.88        -0.84   -17.35   -34.57     0.659
   -4.52    17.17    10.05        -4.35    17.04    10.22     0.277
   15.94    20.47    23.24        16.30    23.03    23.46     2.594
   14.65    -2.82    26.85        14.97    -6.26    26.98     3.459
   13.58    -9.23     9.50        13.83   -10.04     9.77     0.885
  -25.18   -27.54   -39.38       -25.23   -27.82   -39.66     0.403
    5.16    -7.29    32.66         5.15    -7.27    32.66     0.023
    9.78    -7.04    20.01         9.84    -7.61    20.08     0.581
  -14.74     2.69    -4.75       -15.25     3.30    -4.71     0.797
  -13.90   -25.02   -41.64       -13.82   -25.27   -41.89     0.363
   -4.76   -21.76    -4.98        -6.72   -18.15    -7.29     4.715
  -43.19     0.92   -30.08       -41.28    -0.23   -29.96     2.230
   28.81    26.07    -7.36        26.92    23.29    -7.30     3.363
   38.05    -1.70     0.11        37.51    -1.16     0.16     0.770
   27.78   -11.02    -8.53        27.77   -11.01    -8.53     0.014
   -0.47    14.99    44.74        -1.66    18.19    45.90     3.605
  -12.53   -24.39   -41.85       -12.46   -24.52   -41.98     0.190
   -4.13    -6.62    13.79        -5.21    -9.16    14.27     2.810
  -14.16   -27.00    -8.00       -14.56   -24.61   -10.85     3.741
    6.42    -8.68    21.66         6.29    -8.17    21.59     0.524
   26.92     8.28    13.76        31.67     8.74    16.09     5.309
   -7.36     8.15    10.50        -9.95     9.52    10.24     2.948
   -1.76    17.17     7.59        -1.85    17.23     7.52     0.129
   25.03   -15.53    -7.93        24.01   -14.33    -8.13     1.582
    5.63    17.78    41.09         5.19    20.71    41.55     2.999
   -0.83    14.39    59.32        -2.02    15.72    59.43     1.783
  -12.35    10.05    33.81       -11.33    11.14    33.39     1.551
    7.23    -3.92   -27.27         5.03    -4.69   -23.80     4.182
   -5.29   -25.75   -29.85        -5.12   -25.91   -29.90     0.244
  -37.28    -0.27    -5.18       -33.70    -2.26    -9.42     5.888
   24.63   -19.95   -16.57        23.49   -15.33   -15.20     4.947
    0.34    -9.32    23.80         0.35    -8.98    23.72     0.353
   -9.66   -23.70    -6.48        -9.62   -21.31    -9.73     4.033
  -31.15   -20.70    -1.95       -28.92   -19.58    -7.21     5.825
   18.46     6.56   -24.65        18.11     6.37   -24.90     0.476
   17.35    22.81   -13.97        16.08    25.01   -14.16     2.546
  -17.52   -26.19    -5.07       -18.41   -24.07    -9.42     4.921
   32.19    13.68   -34.09        28.39    10.45   -29.26     6.941
   -3.75     9.94   -23.59        -5.22     6.87   -22.74     3.507
    6.67    -5.27    49.02         6.85    -6.91    49.05     1.656
   -2.66    -8.52    59.19        -1.45    -5.86    59.41     2.929
   17.95    15.36    35.71        21.11    17.30    36.36     3.770
   -7.67    12.61   -23.76        -9.89     9.19   -22.93     4.162
   -0.99    -6.63    67.50        -0.62    -5.70    63.48     4.141
  -30.90   -18.92   -45.60       -30.74   -18.85   -45.42     0.251
   22.49   -13.45   -25.09        23.47   -10.82   -22.49     3.830
   15.52    -4.29    19.28        15.81    -6.92    19.70     2.681
   21.67    -0.62    13.41        22.94    -6.26    14.44     5.869
  -27.75   -29.98   -35.96       -27.64   -29.64   -35.76     0.416
   11.57     2.26   -25.99        11.97    -0.26   -21.36     5.286
   40.83    -2.06   -15.14        37.59    -0.17   -14.00     3.923
  -33.70   -18.91    -3.15       -31.21   -17.82    -7.99     5.550
  -31.44   -27.05   -37.77       -31.36   -26.92   -37.69     0.179
  -44.75    -8.65   -14.73       -41.64    -8.75   -16.14     3.406
   -8.98     8.44   -12.28        -8.96     8.09   -12.29     0.351
  -45.24    -3.07   -18.72       -42.37    -4.14   -19.21     3.101
  -34.59     6.42   -36.97       -33.69     5.26   -36.40     1.578
   -0.91    13.96    66.57        -0.11    13.10    63.02     3.741
   15.00     4.62   -24.97        17.22     5.86   -23.33     3.031
  -43.49    -6.87   -22.65       -43.58    -6.87   -22.64     0.089
   34.29    18.95    -1.04        33.01    17.63    -0.81     1.852
   -6.16    -2.57    23.41        -7.99    -3.43    23.75     2.044
   33.92    -5.64    -2.12        33.54    -5.36    -2.13     0.473
   21.41    -3.03    11.05        22.59    -6.89    12.20     4.197
   35.39    22.05   -13.14        31.71    19.21   -12.82     4.661
   23.17    -1.61    10.10        23.99    -6.63    11.62     5.310
   33.90    23.69   -21.52        29.59    20.31   -19.34     5.894
   20.10    23.05    12.58        20.36    23.91    12.78     0.926
   -1.41    -8.79    61.26        -0.20    -6.58    61.30     2.524
   -2.72    15.97    10.38        -3.78    16.76     9.40     1.648
   21.72    19.73    20.98        22.55    20.56    21.20     1.197
  -29.17   -21.04    -1.83       -28.25   -20.29    -7.19     5.499
   10.58    -7.19    16.91        10.83    -8.19    17.05     1.032
   24.16    23.49   -34.63        20.63    19.06   -28.66     8.230
   15.91    11.80    42.15        21.33    14.97    43.41     6.400
   25.17    28.08    -6.44        23.71    24.73    -6.33     3.658
    6.19    17.26    -0.05         4.34    18.34    -1.40     2.533
   19.30   -14.96   -22.37        21.26   -13.41   -20.76     2.974
