150 PA5-K-Unknown-Output.txt 6
   -0.0005   -0.0020    0.0008    0.0013    0.0013
    3.97   -12.99    19.51         3.37    -9.55    18.45     3.647
    0.50   -11.60   -36.20        -1.02   -11.78   -35.52     1.672
   23.65   -13.15   -12.70        24.72   -14.53   -12.63     1.745
  -40.58   -21.41   -31.40       -39.97   -21.08   -31.22     0.720
   42.30     3.11    -4.91        40.62     3.12    -5.04     1.685
  -14.63     6.43    -2.46       -13.26     4.89    -2.52     2.064
    9.62    23.34    27.78         9.62    23.04    27.71     0.305
   14.68    -3.55    50.26        15.30    -5.06    50.34     1.632
   -0.21    -0.82    51.59        -3.63    -3.63    52.35     4.491
  -28.48   -30.75   -35.52       -28.21   -29.90   -35.01     1.030
  -42.22    -9.94   -22.21       -43.49   -10.05   -21.94     1.310
  -17.97    10.88   -19.80       -18.07    10.56   -20.13     0.469
  -28.60   -28.06   -13.39       -28.37   -27.66   -13.72     0.559
    3.64   -22.46   -21.82         0.82   -19.92   -22.52     3.866
   33.77     3.32    20.44        30.44     3.50    18.62     3.804
   14.68   -17.44     0.66        13.82   -15.63    -0.67     2.406
    5.67    -0.51    50.79         5.84    -7.01    50.32     6.520
   11.40    22.41    42.87        11.59    21.75    42.87     0.688
  -16.32   -30.65   -28.29       -15.85   -32.06   -28.48     1.491
  -31.81     8.49   -37.51       -30.57     6.80   -36.82     2.206
   39.13    -1.98   -19.65        35.71    -1.24   -18.57     3.656
  -17.91    -3.61   -48.60       -17.86    -3.74   -47.47     1.133
  -16.78     9.30   -27.91       -15.75    11.59   -28.29     2.541
   11.41    -8.80   -22.31        11.24    -9.06   -21.96     0.468
    1.78   -14.33   -35.42        -0.50   -14.54   -34.93     2.349
   25.54   -10.73   -17.95        26.78   -12.57   -18.30     2.240
  -28.36   -12.62    -7.02       -28.34   -12.41    -6.25     0.803
  -11.16     6.99   -26.02        -9.91     8.39   -26.24     1.887
   41.94    13.86     0.36        37.95    11.71     0.19     4.536
  -22.66    -9.26   -50.67       -22.86    -9.56   -49.70     1.035
  -19.75   -30.42   -36.73       -19.74   -30.50   -36.77     0.093
  -10.59     6.16    43.45        -6.96     6.23    43.37     3.636
    7.21    -9.46    34.33         6.76    -6.93    34.17     2.573
    0.87    -8.36   -31.88        -0.67    -9.22   -31.05     1.953
   12.19   -17.84    -6.26        12.46   -17.20    -6.21     0.700
    2.22    21.02    26.39         2.52    23.47    26.66     2.481
  -39.95   -14.52   -12.36       -38.93   -14.34   -13.06     1.244
   -7.11    -8.62    12.88        -6.89    -8.36    12.83     0.339
    9.06    -9.12    33.70         8.78    -6.66    33.68     2.480
   33.80    18.47   -22.08        31.12    16.69   -21.14     3.354
   -5.02   -19.19   -38.02        -4.34   -19.57   -38.68     1.017
   14.04   -15.75     3.75        13.20   -13.92     2.71     2.263
   27.31    24.78   -20.51        26.08    22.67   -19.87     2.527
  -17.39     5.30   -43.02       -17.29     4.92   -42.50     0.653
   26.31    13.46    24.62        26.36    13.48    24.63     0.055
   -2.22    -9.15   -37.91        -1.92    -9.05   -37.98     0.324
   16.27    14.07   -14.63        14.04    13.79   -14.95     2.271
  -19.98     7.73    26.35       -14.62    11.60    25.77     6.630
  -41.52    -0.65   -15.14       -39.71    -1.54   -16.70     2.549
  -17.58     9.36     9.52       -11.92     6.31    11.09     6.620
   -7.54   -10.42     7.87        -7.21    -9.74     7.69     0.767
   23.89   -16.95   -10.10        22.83   -15.71   -10.30     1.641
   -7.01     9.27    51.20        -6.46     9.14    51.18     0.560
   -5.05   -19.38   -38.14        -4.34   -19.64   -38.65     0.908
  -33.84     6.54   -39.25       -32.49     5.23   -37.87     2.333
  -14.12    11.17     9.50       -10.15     9.08     9.78     4.494
   27.44     1.86    33.75        25.37     2.43    33.11     2.244
   29.72     1.69   -31.66        28.50     2.40   -29.91     2.245
  -39.75     6.96   -22.04       -37.40     4.71   -22.94     3.380
   39.88     0.16   -12.04        38.67     0.24   -11.60     1.291
  -30.55   -11.66    -7.12       -30.37   -11.60    -6.22     0.919
   17.67    27.01   -13.81        17.77    25.51   -13.67     1.508
   21.30   -11.83   -16.51        21.23   -13.49   -18.26     2.405
  -19.47     2.36   -45.25       -19.43     1.95   -44.79     0.615
   -5.93   -10.01    11.61        -5.71    -9.48    11.51     0.591
    2.32    21.60    18.40         2.25    24.10    18.47     2.493
  -21.84   -12.73   -51.12       -21.48   -11.99   -49.43     1.882
    0.51   -13.35    12.88         0.65   -10.93    12.61     2.440
    9.41   -17.78    -6.04         9.80   -16.23    -6.09     1.594
  -42.20    -3.40   -13.34       -39.87    -4.61   -15.03     3.122
   35.98    -6.12     0.72        34.45    -4.64     1.01     2.149
  -33.62     4.06   -42.61       -32.45     2.37   -40.76     2.766
    3.88    22.69    10.86         3.23    23.67    10.61     1.207
    6.84   -18.25    -7.66         6.94   -16.03    -7.68     2.217
  -13.18     7.45    -2.82       -11.98     5.97    -2.88     1.909
  -15.43   -10.72     1.13       -14.76    -9.91     0.32     1.328
  -27.02     1.89   -12.54       -27.02     1.78   -12.84     0.318
   19.22    28.28    -5.36        18.98    26.44    -5.09     1.875
  -15.81    11.43    30.25       -14.64    12.29    29.66     1.568
  -34.58    -9.92    -6.68       -34.36    -9.89    -7.78     1.118
   14.05   -15.42     5.81        13.53   -12.98     4.02     3.070
  -10.89   -25.46   -38.58       -10.51   -26.03   -38.98     0.793
   22.06     3.68    48.55        22.36     3.63    48.58     0.302
   25.94   -14.64   -12.54        25.43   -13.98   -12.57     0.833
   26.40     7.75    34.23        25.30     7.64    33.96     1.141
    5.60   -15.03     0.89         5.92   -13.78     0.58     1.336
  -20.15     4.18   -11.69       -19.98     3.91   -11.90     0.375
   31.22    20.51     9.47        30.56    19.62     9.07     1.181
    2.65     6.82    50.00        -6.27     9.78    50.02     9.405
   42.20    11.82     5.40        38.82     9.91     5.12     3.896
  -34.08     8.62   -35.86       -32.89     6.45   -34.81     2.692
   25.98     5.11    37.72        24.58     5.30    37.46     1.438
  -10.41     5.80    44.91        -6.94     5.89    44.92     3.475
  -17.61     9.14   -33.57       -17.32    10.87   -34.04     1.817
  -20.74   -11.62    -4.04       -20.73   -11.60    -4.08     0.052
  -20.28   -18.52    -7.00       -20.23   -18.59    -6.43     0.578
   39.42     8.67   -18.10        36.35     8.05   -16.87     3.359
    6.09    25.72     3.51         7.01    24.57     3.84     1.510
  -36.32    -1.29   -46.61       -34.42    -2.64   -43.16     4.168
   12.41    27.18     5.16        12.47    27.01     5.13     0.181
  -39.34   -13.84   -11.59       -38.48   -13.65   -12.24     1.088
   42.58    11.75    -8.89        38.15     9.63    -7.97     4.997
  -37.08   -27.09   -18.46       -35.92   -25.67   -19.08     1.936
   29.17   -12.15     0.39        28.27   -10.15    -0.34     2.316
  -19.79    15.13    15.51       -14.91    16.20    18.94     6.061
  -44.25   -13.92   -34.65       -40.04   -14.02   -34.58     4.210
  -30.72    11.17   -25.78       -30.25    10.04   -25.81     1.227
   21.02    -6.38    32.38        20.18    -4.32    32.02     2.252
   -6.64    13.55     4.35        -5.50    12.11     5.00     1.947
   33.96    17.20     9.96        32.77    16.35     9.42     1.553
   11.76    -8.70    30.75        11.50    -6.47    30.62     2.255
   -5.83   -26.18   -28.40        -5.52   -26.58   -28.47     0.511
  -28.50   -31.88   -21.63       -28.17   -31.20   -21.80     0.777
   14.98    20.72    41.89        15.29    21.40    41.92     0.750
   -8.11     3.76   -29.72        -6.91     4.85   -30.24     1.709
   10.74    24.37    20.06        10.73    24.18    20.04     0.191
   35.15    17.20   -20.69        32.23    15.56   -19.78     3.469
    0.83   -22.47   -37.52        -2.49   -20.22   -35.40     4.541
  -19.09   -26.81   -41.31       -19.05   -27.04   -41.50     0.307
   19.42   -13.06   -15.82        19.18   -14.42   -17.23     1.970
  -18.27   -31.47   -29.51       -18.08   -32.41   -29.65     0.966
  -11.71     6.26   -29.44       -10.60     8.54   -29.65     2.540
   25.56     1.11    38.13        23.81     1.85    37.75     1.935
   -1.02   -25.33   -22.33        -2.82   -23.97   -22.63     2.270
  -17.03    10.15   -21.70       -16.81    10.66   -21.47     0.606
   36.88    19.35     1.50        34.37    16.78     1.89     3.613
  -19.17   -20.00    -7.52       -19.11   -20.31    -6.96     0.645
  -22.77     4.70   -43.14       -22.78     4.49   -42.94     0.295
  -27.07   -26.21   -42.37       -26.90   -25.71   -41.99     0.659
  -27.82   -12.13    -7.10       -27.79   -11.93    -6.40     0.731
    7.70    24.17    12.99         7.55    25.14    13.14     0.991
   32.34    13.08    15.47        31.05    12.60    14.59     1.627
   -5.81     4.76   -25.22        -5.30     5.38   -25.51     0.852
    1.30   -13.51     8.02         1.63   -11.80     7.85     1.751
   22.27   -14.79   -11.85        22.81   -15.80   -12.23     1.217
   24.71     5.19    41.85        23.82     5.30    41.71     0.908
   -5.32    -8.97    18.37        -5.06    -8.70    18.28     0.389
  -20.00     2.40    15.75       -11.96     3.09    14.31     8.196
  -21.23     8.70   -37.88       -21.23     8.70   -37.87     0.005
    3.56     0.15    50.75         2.81    -6.90    50.80     7.094
   31.60    -7.87     0.79        31.32    -7.65     0.72     0.366
  -42.55   -10.18   -40.84       -39.46    -9.96   -40.20     3.163
   25.57    -7.41    18.68        24.52    -5.02    17.89     2.721
   25.97   -11.71   -17.21        26.69   -12.79   -17.42     1.316
   25.44   -18.10    -2.80        23.00   -14.06    -4.79     5.122
    5.14   -14.90     1.09         5.38   -13.61     0.77     1.354
   32.18    23.79     2.31        30.14    20.89     2.20     3.547
   15.25    -9.32   -20.65        15.27    -9.62   -20.96     0.424
  -10.09     8.37    40.15        -7.42     8.49    39.67     2.709
  -14.77     8.47     4.52       -12.06     5.80     4.71     3.807
