150 PA5-A-Debug-Output.txt
    0.0013   -0.0040   -0.0018   -0.0003    0.0011
   40.22    10.53   -20.62        35.42     9.00   -18.95     5.306
   39.52    13.88     3.73        37.37    12.66     3.74     2.473
  -11.26   -26.10   -39.58       -11.27   -26.08   -39.56     0.025
  -36.24     1.05   -39.95       -35.97     0.80   -39.65     0.472
    2.09    18.41    51.73         1.99    18.75    51.79     0.363
   -6.43    21.59    24.03        -6.56    24.81    23.28     3.305
    1.29    20.97    21.53         1.69    23.93    21.66     2.985
  -18.78    -9.40    -1.83       -18.34    -9.26    -2.59     0.892
   -0.23    17.26     5.17        -0.32    17.37     5.09     0.169
  -14.68   -26.01   -41.06       -14.62   -26.19   -41.25     0.266
   20.77    -3.63    31.44        20.94    -3.86    31.48     0.287
  -21.98   -27.51   -39.92       -22.05   -27.86   -40.21     0.455
  -27.03    15.09   -24.43       -26.49    11.52   -24.77     3.624
  -31.44   -30.31   -30.31       -31.19   -29.94   -30.27     0.442
   13.80    22.59    41.28        13.62    22.19    41.26     0.440
   -5.73    -1.11    46.49        -5.62    -1.07    46.49     0.115
   30.62    24.65    -9.02        28.87    21.91    -8.87     3.260
   -4.19     2.83   -29.66        -4.96     2.35   -29.27     0.980
   -0.77    17.71    59.03        -0.32    16.96    58.97     0.881
   39.04     6.60   -22.90        35.15     5.94   -20.71     4.512
  -37.94   -16.19    -9.44       -36.76   -15.70   -10.38     1.582
   22.76   -14.26     1.88        21.14   -11.56     0.30     3.520
    3.63    -9.28    20.54         3.56    -9.02    20.49     0.269
   11.87    26.04    -6.93        12.14    25.49    -6.76     0.636
   10.28   -17.35    -6.07        10.65   -16.47    -6.01     0.961
    6.56    20.45    36.96         6.55    21.44    37.00     0.994
    3.68    -1.08   -24.77         3.20    -1.52   -23.71     1.247
   37.21    -2.39   -25.82        33.70    -1.53   -23.08     4.536
  -42.52    -7.16   -16.79       -41.77    -7.33   -17.13     0.841
   -3.54    19.49    12.02        -3.61    19.56    11.94     0.129
    1.91     8.17   -18.29         1.54     7.43   -17.62     1.062
   -4.73    21.11    27.94        -4.19    24.29    28.67     3.309
   37.36    -3.85    -7.68        36.36    -2.85    -7.84     1.422
   -4.94    -1.47    43.25        -5.44    -1.66    43.29     0.534
   -4.50     2.23   -30.52        -5.11     1.84   -30.21     0.791
   25.64    20.10    15.16        25.68    20.13    15.19     0.061
   15.67     3.19    62.75        15.68     3.17    62.99     0.240
   -3.91   -10.94   -37.28        -1.97   -11.08   -37.65     1.980
   18.51    10.05    61.16        18.64    10.05    63.08     1.925
  -11.09   -12.55   -45.69       -10.76   -12.67   -46.87     1.229
  -34.57     8.08   -16.38       -33.37     5.98   -17.24     2.570
   20.25    10.80    51.32        21.81    11.32    51.60     1.670
  -10.97     6.83    55.25        -7.13     6.09    55.24     3.904
  -13.32   -17.40   -46.33       -13.25   -17.49   -46.49     0.199
    7.03    23.41    12.00         6.59    25.02    12.01     1.670
  -12.02   -19.61   -44.60       -12.00   -19.64   -44.66     0.067
  -14.31     3.67    19.38       -11.35     4.63    18.30     3.294
  -18.91   -32.91   -15.98       -19.33   -31.32   -17.38     2.165
   24.96    26.68   -23.24        23.17    23.93   -21.74     3.611
   22.09     0.62    37.93        22.82     0.21    38.18     0.874
  -16.58   -32.62   -30.93       -16.72   -31.96   -30.83     0.680
  -17.28   -12.77   -48.45       -17.23   -12.79   -48.65     0.202
   32.04    22.78   -19.42        29.60    20.44   -18.81     3.439
   -0.19    -4.98    33.47        -0.92    -7.10    33.55     2.240
   19.22   -16.67   -16.62        19.47   -15.80   -15.94     1.138
   17.99   -18.14   -12.37        18.17   -17.14   -12.07     1.054
   34.59    -4.13     0.89        34.76    -4.29     0.85     0.233
   -8.45    18.29    36.33        -9.36    19.03    37.92     1.979
   -8.56    14.31     9.76        -7.65    13.44    10.43     1.431
  -17.23    16.11   -22.27       -18.08    11.91   -23.04     4.355
  -28.41   -22.36    -3.90       -27.26   -21.35    -7.17     3.611
   -6.84     7.60   -27.09        -7.57     6.52   -26.51     1.427
   35.39    15.39     8.51        34.65    14.71     8.16     1.063
    1.10    -5.79    53.94         0.78    -6.69    53.87     0.964
  -22.66     5.38    -9.68       -21.21     2.91   -11.61     3.455
   -1.11   -19.34   -34.50        -1.14   -19.33   -34.48     0.039
    7.42    -6.63    47.11         7.44    -6.86    47.10     0.239
   20.98    13.67    39.93        22.30    14.44    40.04     1.535
  -15.60     6.72    13.48       -12.01     6.20    13.02     3.655
   -8.52   -27.82   -33.88        -8.59   -27.72   -33.83     0.126
   27.91   -17.34    -9.91        25.19   -13.85   -10.58     4.479
  -22.85   -27.07   -40.25       -22.92   -27.41   -40.53     0.445
  -25.01   -17.29   -47.27       -25.08   -17.39   -47.51     0.274
   15.83    21.26    38.93        15.92    21.62    38.91     0.366
   -3.68   -14.99     0.16        -3.61   -13.61    -0.43     1.509
   11.69   -11.90    13.23        11.05    -9.66    12.41     2.470
  -40.33    -9.88   -34.84       -40.22    -9.87   -34.84     0.116
   40.20     4.45     4.16        39.64     4.50     4.13     0.566
  -42.64    -8.77   -15.98       -41.76    -8.75   -16.38     0.966
   28.26    25.65   -11.29        26.64    23.24   -11.09     2.909
   24.65    -8.38     6.97        24.64    -8.03     6.87     0.365
    9.60    22.27    33.10         9.60    22.22    33.09     0.045
   31.61    -7.26    -6.27        31.84    -7.44    -6.31     0.298
   22.26    15.26    29.20        23.60    16.00    29.55     1.564
   41.58     2.42    -5.67        40.64     2.91    -5.60     1.058
   -2.87   -19.41   -35.73        -2.49   -19.67   -35.97     0.524
    9.98    -3.14    63.34         9.98    -3.14    63.36     0.027
   10.42   -18.19   -10.20        10.77   -16.38   -10.00     1.847
   13.09    27.74    -1.94        13.00    26.97    -1.82     0.786
   22.17    19.71    22.50        22.60    20.14    22.62     0.621
   23.43    13.88   -32.62        23.18    12.42   -30.81     2.336
    1.47    17.95    43.28         1.53    19.79    43.93     1.955
   17.51   -18.07   -12.00        17.68   -17.16   -11.72     0.969
    0.34    -4.86    38.50        -0.33    -6.48    38.57     1.763
   25.96    -3.42    14.63        26.55    -5.04    15.06     1.773
   -9.04    -0.52    23.63        -8.70    -0.45    23.54     0.364
   15.29   -17.38    -0.33        14.56   -15.85    -1.46     2.036
   13.46    24.40    22.41        13.42    23.68    22.30     0.738
   12.59    26.26    10.41        12.58    26.32    10.43     0.063
  -24.80   -33.65   -19.64       -24.38   -31.73   -19.93     1.984
  -17.85   -32.43   -14.16       -18.48   -29.76   -15.72     3.156
   26.34    -1.22    20.23        27.23    -1.99    20.67     1.253
  -39.30     4.99   -21.10       -37.90     3.66   -21.63     2.002
   15.60    27.72    -9.35        16.15    26.03    -9.03     1.799
  -18.90    16.27    31.99       -15.82    16.47    31.10     3.210
  -20.90   -10.71   -49.24       -20.90   -10.71   -49.24     0.009
  -41.64     0.46   -21.71       -40.72    -0.03   -21.75     1.047
   33.00    20.58     4.04        31.71    19.35     3.92     1.778
   -6.59   -21.33   -40.55        -6.79   -21.17   -40.40     0.303
  -14.55     3.41   -43.51       -14.65     3.19   -43.21     0.387
  -41.24   -16.87   -19.97       -41.62   -17.01   -19.87     0.414
   16.21   -12.23   -20.56        16.23   -11.21   -19.38     1.560
  -24.93    -9.02    -2.58       -23.20    -9.51    -4.90     2.931
   -6.95     4.71   -34.13        -7.12     4.57   -34.04     0.242
    3.36    21.35    17.76         3.28    24.14    17.85     2.797
   27.95    -8.83    -0.57        28.67    -9.89    -0.41     1.294
   -8.44    15.39    39.00        -8.75    15.38    39.33     0.450
   24.97    -5.52    11.47        25.01    -6.54    11.77     1.065
    2.61    19.65     4.79         2.23    19.98     4.52     0.569
   19.18    12.96    51.78        20.68    13.93    52.03     1.799
   -4.77    -2.24    28.73        -7.19    -2.55    29.18     2.478
   -6.01    21.27    29.03        -5.42    24.28    29.63     3.128
   20.67    15.51   -32.80        19.84    15.29   -31.25     1.774
    7.80    21.04    37.08         7.80    21.45    37.10     0.410
    1.01    -6.35    26.50         0.79    -8.31    26.84     2.008
  -37.61   -24.61   -20.62       -37.51   -24.52   -20.65     0.144
    2.60    -9.00    14.83         2.80   -10.51    15.20     1.563
   21.68     0.42    39.36        22.29     0.08    39.56     0.730
  -19.07   -24.76    -5.02       -19.79   -22.64    -8.32     3.987
   25.75    -8.18     5.25        25.76    -8.49     5.36     0.335
   12.82    27.15     9.32        12.75    26.50     9.22     0.655
   -9.55    16.25    37.74        -9.84    16.18    37.97     0.383
   18.32    -8.35    16.36        18.02    -7.11    16.14     1.296
   23.50   -11.26   -22.14        23.52   -11.22   -22.10     0.054
  -31.07    -7.64   -47.15       -30.98    -7.69   -46.94     0.240
   -9.26    11.74   -21.82       -10.42     9.48   -22.00     2.551
  -39.72   -17.73   -13.12       -38.69   -17.25   -13.94     1.403
   13.76    -8.03    20.10        13.63    -7.20    20.00     0.844
   22.11    -5.84    17.35        22.11    -5.82    17.35     0.016
   34.92     6.01    11.43        35.18     6.10    11.68     0.366
    2.78    -5.82    36.71         2.72    -7.04    36.79     1.225
  -42.64    -3.38   -19.95       -42.28    -3.52   -20.01     0.387
   -3.96     2.01   -30.21        -4.72     1.53   -29.82     0.976
  -13.76    14.58    12.11       -10.18    14.33    14.22     4.163
   15.50    28.15    -6.55        15.80    26.55    -6.17     1.675
   27.01   -15.08   -19.51        26.08   -12.81   -18.85     2.540
  -37.52    -5.05   -42.26       -37.10    -5.22   -41.78     0.654
   -8.47   -25.35    -8.59        -9.36   -22.40   -11.04     3.944
   -4.40    -1.74    62.52        -4.67    -1.84    62.81     0.412
  -15.60    17.08    34.37       -14.45    16.82    33.67     1.371
