150 PA5-D-Debug-Output.txt
   -0.0006   -0.0035    0.0008   -0.0016   -0.0010
   36.91     0.19    13.73        35.03     0.45    11.96     2.589
   17.37   -13.90   -15.05        17.03   -15.06   -15.97     1.511
  -28.26   -31.32   -18.47       -27.69   -30.52   -18.82     1.048
    8.70   -10.54    10.54         8.77   -10.91    10.67     0.397
   18.29    26.64     5.38        18.23    26.38     5.35     0.276
  -14.93   -14.02    -3.22       -14.82   -13.76    -3.50     0.399
   40.59     0.15    -8.07        39.35     1.00    -8.08     1.503
   41.67     0.31    -5.54        39.78     1.68    -5.79     2.346
    0.31    29.98    11.64         2.99    23.85    11.93     6.704
   27.46    -3.64    20.93        26.57    -3.00    20.31     1.254
   20.99   -14.40    -3.62        20.94   -14.31    -3.69     0.125
   -4.07    -8.99    60.70        -2.16    -5.50    60.76     3.980
  -36.50     2.31   -14.55       -36.08     2.05   -14.90     0.607
   30.75    22.63     1.48        29.75    21.20     1.43     1.748
  -25.41   -16.01    -6.29       -25.35   -16.00    -6.44     0.157
   -6.77    -8.76    59.78        -2.76    -4.93    59.90     5.543
   26.41    24.97   -16.43        25.73    23.61   -16.44     1.520
   33.83    14.25   -28.12        30.78    12.11   -25.91     4.329
   14.95    14.78    59.61        16.86    17.39    59.84     3.240
   -4.33   -14.38    -2.79        -4.31   -14.74    -2.57     0.424
   34.18    20.73   -10.63        32.11    18.90   -10.62     2.763
   14.96    23.84    -9.54        14.48    25.34    -9.83     1.602
   26.15    -4.47   -27.97        26.56    -3.61   -26.77     1.537
    3.15    24.72    32.18         2.91    22.38    31.55     2.429
    3.02   -10.30    20.51         2.76    -9.25    20.32     1.091
    1.58    12.09   -12.02         2.34    10.19   -11.31     2.167
    2.19   -14.96     0.60         2.43   -13.23     0.25     1.792
  -31.72   -22.54    -6.78       -30.65   -21.58    -8.95     2.596
   -5.30   -12.71     6.19        -4.93   -11.26     5.70     1.572
   -6.50    17.09    14.30        -7.26    17.30    13.27     1.304
  -42.53    -9.04   -11.96       -40.19    -8.71   -13.62     2.882
   31.45   -10.06   -11.64        30.83    -9.35   -11.86     0.966
   -7.19     5.25    46.40        -6.86     5.28    46.40     0.324
   20.93    20.72    25.81        20.96    20.77    25.82     0.057
  -40.48   -10.15   -10.18       -38.55    -9.89   -11.59     2.403
  -29.12   -19.19   -44.39       -29.57   -19.85   -45.64     1.473
   -5.41   -10.72    22.16        -4.07    -8.55    21.61     2.605
   12.59     6.03    60.56        12.56     6.13    62.91     2.352
   32.44     8.69   -33.00        29.44     8.90   -29.47     4.638
   21.73    -9.02    10.21        21.43    -7.86     9.91     1.238
   21.79     9.08    45.88        23.19     9.18    46.02     1.415
   14.52    27.33     7.96        14.44    26.51     7.82     0.832
   25.97    23.58     6.55        25.81    23.24     6.48     0.388
  -33.84     5.29   -15.12       -33.64     4.84   -15.71     0.764
  -39.75   -19.22   -11.52       -37.51   -18.19   -12.91     2.827
   -2.41   -12.91   -26.85         1.00   -13.46   -28.34     3.762
   27.25    13.09    29.12        25.58    12.57    28.64     1.812
   32.19   -10.25   -15.91        31.24    -9.51   -15.75     1.213
   -7.33    20.96    12.64        -6.57    19.74    13.89     1.901
   -6.34    -9.29    51.03        -2.71    -4.84    51.17     5.746
   -9.42     6.32    -4.50        -9.86     7.05    -4.41     0.857
  -23.91     9.90   -24.07       -24.14    11.73   -23.59     1.901
   21.87     0.24    37.78        22.64    -0.20    38.03     0.919
   35.21     0.82   -25.18        33.23     0.80   -23.80     2.409
   12.70    -8.39    15.56        12.66    -8.20    15.50     0.195
   18.48    12.44    53.83        20.35    13.80    54.24     2.345
   -2.07    -6.36    61.90        -1.74    -5.75    61.91     0.693
   25.23    11.72    35.47        24.36    11.40    35.30     0.945
  -33.54   -19.80   -42.13       -33.86   -20.04   -42.46     0.517
  -35.04   -28.98   -22.66       -34.23   -28.01   -22.75     1.260
   -1.35    11.07   -10.70        -0.94     9.75   -10.42     1.408
   -1.35   -15.68   -15.62         0.45   -18.93   -14.49     3.883
  -16.68    -4.25   -44.03       -15.97    -3.86   -47.40     3.467
   13.14    15.04    61.49        13.18    15.04    63.07     1.576
  -12.62   -14.78    -4.65       -12.76   -15.26    -4.15     0.701
   29.02    19.07    20.72        26.01    17.41    19.23     3.749
   -3.32   -17.87   -22.76        -0.28   -20.98   -22.91     4.351
  -28.00     7.40   -16.22       -27.99     7.53   -16.04     0.222
    0.81   -11.31   -25.46         2.05   -11.34   -26.59     1.678
    1.80    -8.75    48.49         2.03    -6.84    48.45     1.923
   43.04    -1.43     1.82        38.63     0.66     1.93     4.876
  -41.80    -3.25   -35.59       -40.64    -3.59   -35.13     1.293
   -5.14   -11.81    12.94        -4.31    -9.87    12.58     2.140
  -12.79   -29.73   -32.17       -12.46   -30.26   -32.32     0.640
   13.86    11.56    62.18        13.83    11.57    63.13     0.946
  -14.47     8.28   -32.16       -13.74     9.80   -32.52     1.723
  -20.98   -19.54    -7.00       -20.98   -19.60    -6.53     0.475
  -35.69     3.89   -15.12       -35.40     3.35   -15.60     0.790
  -27.90   -20.88   -44.36       -28.26   -21.44   -45.15     1.030
    0.36    27.64    23.43         0.02    24.02    23.26     3.636
  -43.27   -10.35   -32.07       -41.62    -9.56   -31.07     2.088
  -21.21   -32.02   -32.62       -21.22   -32.22   -32.66     0.206
   20.15    -7.20   -23.06        20.14    -7.45   -23.60     0.596
   19.80    14.35    46.29        20.76    15.02    46.48     1.189
   27.98     9.22   -34.17        27.66     8.86   -30.32     3.881
  -32.16   -29.39   -31.87       -32.04   -29.18   -31.83     0.243
  -22.06     8.96   -27.97       -22.36    12.17   -28.48     3.274
    8.55    -9.83    14.68         8.49    -9.53    14.57     0.328
   -5.10    10.28    48.59        -6.12    10.61    48.90     1.118
   21.71   -13.85    -2.83        21.52   -13.52    -3.10     0.470
   30.55    -1.82    19.07        29.38    -1.21    18.19     1.584
   25.87   -15.04   -12.36        25.18   -14.16   -12.40     1.118
  -25.80   -30.13   -35.07       -25.89   -30.46   -35.27     0.393
   18.49   -12.11     1.24        18.59   -12.30     1.33     0.229
   -8.23     5.80    18.13       -11.35     5.69    18.07     3.124
   -6.63    18.84    11.21        -5.78    18.00    12.26     1.584
   23.71    -2.31    27.25        23.91    -2.56    27.33     0.325
   23.11    19.82   -33.78        20.89    17.18   -29.85     5.230
  -19.36     8.70   -30.93       -18.92    11.74   -31.67     3.150
  -14.46     5.13   -14.90       -14.58     6.97   -13.91     2.099
   36.05    -5.52    15.26        32.85    -2.65    12.49     5.118
   41.04     6.64    -3.70        40.34     6.37    -3.61     0.758
   18.41   -10.63     4.44        18.52   -10.83     4.54     0.250
    7.48    -7.87    30.75         7.35    -7.00    30.70     0.880
   21.46    12.24   -25.91        22.87    13.98   -29.60     4.322
   -2.36     1.23   -27.81        -2.73     1.07   -27.54     0.487
    1.65    -8.86    46.93         1.79    -6.79    46.92     2.080
   28.23    14.68   -32.17        26.90    12.70   -29.01     3.963
   -2.34    30.08    11.88        -0.08    23.37    14.60     7.582
   38.85    -1.96    12.68        36.09    -0.71    10.50     3.729
   40.23     6.03   -16.35        36.83     5.71   -15.78     3.461
  -25.34   -14.75   -45.79       -25.88   -15.00   -47.84     2.134
    0.45    30.28    14.30         2.39    24.07    15.55     6.620
   38.77    10.95   -20.80        34.89     9.66   -19.84     4.197
   16.19    -3.69    40.93        17.02    -4.86    40.91     1.436
   -4.78    11.61    59.35        -5.29    11.97    59.42     0.629
  -11.73     2.05     6.18       -13.43     2.63     6.35     1.806
   11.83    16.48   -13.27        12.21    16.77   -13.04     0.534
   36.61    15.97   -25.57        32.22    12.85   -23.14     5.910
  -44.06    -6.15   -15.77       -41.92    -6.14   -17.42     2.700
   25.53    -0.57    25.33        26.04    -1.10    25.50     0.759
   24.47    21.58   -33.30        21.69    18.24   -28.62     6.385
   -6.58     9.29    57.38        -6.47     9.26    57.39     0.119
   28.75    24.04    -2.33        27.68    22.82    -2.26     1.623
   -7.33    -8.32    47.89        -3.38    -4.40    47.96     5.570
   -3.62    12.84    51.85        -4.71    13.50    52.06     1.295
  -45.32   -11.43   -20.37       -43.15   -11.25   -20.83     2.222
  -12.88     7.57   -24.11       -11.36     9.77   -24.60     2.717
  -35.88   -27.97   -19.90       -34.95   -26.77   -20.26     1.560
  -30.87     5.31   -34.68       -31.69     6.81   -35.41     1.862
    2.13    28.85    21.38         2.04    24.02    20.86     4.859
   26.51    19.92    23.91        24.22    18.17    23.19     2.971
  -37.01     1.35   -34.59       -37.76     2.09   -34.92     1.103
   12.59    27.95     5.03        12.79    27.17     4.89     0.823
    1.25    28.44    21.91         0.83    24.02    21.70     4.450
   -8.47    -6.87    35.29        -5.12    -3.79    35.25     4.552
    2.44   -10.12    22.14         2.17    -9.12    21.93     1.056
   14.19    -2.55    57.10        15.37    -4.54    57.29     2.316
  -40.00    -2.93   -36.93       -39.76    -3.01   -36.83     0.270
  -17.24   -22.93    -7.94       -17.38   -22.42    -8.68     0.915
    5.22    29.47    16.63         5.51    24.49    16.02     5.020
   24.58   -16.98    -9.68        23.19   -15.35    -9.95     2.165
  -31.71   -17.52    -7.35       -31.39   -17.38    -7.98     0.723
   11.31    -7.08   -23.01        11.41    -6.84   -21.78     1.257
  -12.85   -10.19     7.89       -10.86    -8.09     5.90     3.504
  -29.13   -32.38   -24.45       -28.67   -31.46   -24.54     1.038
  -44.96    -8.66   -17.03       -42.55    -8.78   -18.13     2.652
   14.97    13.53    61.72        14.91    13.55    63.13     1.418
   36.39    -7.04   -18.34        34.26    -5.31   -17.60     2.835
   22.32    13.41   -30.05        22.33    13.45   -30.11     0.068
