400 PA5-E-Debug-Output.txt
   -0.0002    0.0013   -0.0002   -0.0011    0.0003
   13.89    -4.78    64.76        13.02    -4.01    63.23     1.918
   25.96    17.35   -21.17        27.89    18.85   -22.97     3.032
  -16.89   -25.00    -8.17       -17.44   -23.89    -9.57     1.865
   27.28     4.09   -15.35        35.80     3.38   -18.19     9.012
   10.95   -14.91    -0.42        10.89   -15.40    -0.17     0.552
  -11.39    12.16    42.47        -7.59    12.22    41.17     4.021
   10.31   -16.13    -3.27        10.32   -15.99    -3.29     0.149
  -28.57   -11.73   -53.57       -27.47   -11.53   -48.18     5.507
    7.90    16.89    51.60         6.69    20.28    51.94     3.616
  -21.42     5.27   -48.62       -21.53     2.39   -44.52     5.010
  -41.11    -0.64   -36.77       -39.52    -1.21   -36.07     1.831
   -5.33    14.58    29.75       -10.07     9.30    31.63     7.342
  -23.80   -10.92   -53.39       -23.50    -9.93   -49.89     3.651
   21.04    27.07    -7.44        20.58    25.86    -7.36     1.303
   15.04    -4.46    42.41        15.39    -5.51    42.48     1.104
  -21.90    15.82   -30.33       -21.52    12.06   -29.75     3.828
  -14.79   -19.48   -49.99       -15.41   -18.33   -46.92     3.330
    7.92    -8.34    64.94         8.12    -7.00    63.25     2.162
  -12.36    12.92   -22.16       -13.27    10.72   -22.62     2.424
   -5.82    17.54    44.46        -5.09    17.37    43.99     0.884
  -14.82   -22.86    -7.61       -14.91   -22.32    -9.17     1.655
  -14.57    13.26   -19.40       -14.31    10.43   -20.67     3.123
   -1.03   -17.31   -36.42        -1.53   -17.15   -36.16     0.593
    3.32   -16.93   -30.88         0.07   -16.49   -30.75     3.284
   21.71     8.43    30.43        25.82     8.80    31.57     4.275
    2.13    -2.96    32.30         2.50    -7.29    32.97     4.403
    1.50    -0.43    61.61         1.45    -0.53    63.36     1.755
  -31.60     8.32   -15.82       -30.81     7.21   -16.38     1.473
  -34.09   -14.44    -6.62       -33.80   -14.23    -7.96     1.387
   16.65    -3.09    37.88        17.51    -4.88    37.97     1.988
    3.29    -2.85    65.63         3.23    -2.95    63.37     2.267
    2.15   -19.55   -32.77        -0.56   -18.76   -32.29     2.858
  -11.76    12.14   -18.05       -12.37     9.57   -19.20     2.886
    7.49   -11.35     5.83         7.37   -12.54     5.84     1.192
    9.86    -5.92    44.91         9.93    -6.55    44.89     0.640
    4.45     0.10    65.88         4.43     0.15    63.35     2.531
   -8.85    16.50    38.77        -9.10    16.49    39.04     0.367
   -0.23     0.53    27.93        -7.45    -0.39    29.28     7.394
  -14.00    10.49   -13.81       -13.90     7.88   -15.45     3.079
   17.16     0.77   -13.94        13.73     4.13   -18.59     6.677
   -0.24    17.18    25.67         0.31    23.74    26.35     6.618
   18.08    -2.27    32.89        19.01    -4.58    33.25     2.513
  -32.28    -6.99   -51.94       -30.51    -8.13   -47.25     5.137
   31.55     9.40    -8.35        36.89    11.33   -10.44     6.054
    8.61     5.94   -11.51         8.70     8.91   -14.04     3.906
  -14.76   -25.38    -8.27       -14.78   -23.63    -9.89     2.383
    2.71    14.06    51.16         1.41    18.56    51.94     4.745
  -18.48   -32.55   -37.88       -18.98   -30.37   -36.70     2.530
  -40.67     4.87   -29.49       -38.87     3.15   -29.57     2.488
    0.04     1.55    58.33        -0.11     1.25    63.42     5.103
  -32.46    -0.10   -48.66       -30.54    -2.00   -44.85     4.674
   29.22    16.75   -14.39        31.58    18.61   -15.15     3.100
   -4.42     5.87    28.82        -8.21     5.09    29.78     3.996
   31.33     8.76     5.77        35.77     9.78     9.61     5.958
   21.52    -4.63    15.29        21.89    -6.28    15.59     1.717
   -8.34   -29.23   -29.59        -8.75   -28.61   -29.46     0.759
   -8.02   -28.31   -33.85        -8.44   -27.69   -33.70     0.767
   -5.92    -3.38    11.98        -9.49    -5.25    13.17     4.197
   26.42    21.18     8.93        26.97    22.02     9.30     1.070
   -1.20    10.10    49.36        -5.76    11.50    49.50     4.770
   -0.02     2.33    44.86        -6.05     0.18    44.81     6.409
   -5.22   -27.83   -26.58        -5.76   -27.08   -26.53     0.925
  -13.16    -4.16     2.39       -14.93    -4.78     3.69     2.282
   29.55    13.73    11.86        31.32    14.50    13.08     2.281
  -37.26   -24.29   -33.70       -37.13   -24.17   -33.64     0.185
  -17.14   -33.24   -26.81       -17.24   -32.37   -26.87     0.871
  -11.09     8.94   -26.04       -10.94     9.15   -26.09     0.263
    0.03     5.87    54.05        -6.95     4.91    53.94     7.049
  -15.26   -26.39   -10.23       -15.42   -25.41   -11.40     1.539
   -5.22   -24.12   -36.03        -5.51   -23.89   -35.83     0.420
   15.05    -5.76    53.93        14.69    -5.12    53.95     0.737
    7.95    -5.46    45.56         8.05    -6.76    45.53     1.299
    9.65    -6.86    33.70         9.60    -6.53    33.70     0.331
  -29.40   -21.68    -8.46       -29.43   -21.71    -8.40     0.074
   12.68     0.49    65.33        12.46     0.51    63.05     2.292
   11.48    14.07     3.62         3.93    19.11     0.51     9.599
  -23.79    13.77   -36.91       -23.06    10.24   -35.96     3.728
   14.40    24.34    44.35        13.42    22.14    44.41     2.408
   17.70    -9.57    10.87        17.54    -8.70    10.59     0.923
  -29.67     8.86   -14.35       -29.50     7.32   -15.94     2.215
  -32.41     8.96   -18.22       -31.61     7.84   -18.78     1.485
   20.88    -0.20    60.51        19.58     0.44    60.34     1.453
    8.29   -11.36     5.73         8.17   -12.62     5.74     1.267
  -24.36   -26.43   -10.35       -24.35   -26.00   -10.81     0.630
   -1.81   -18.79   -35.60        -1.78   -18.80   -35.62     0.029
  -18.33     8.84   -46.17       -17.65     5.48   -42.02     5.384
  -11.26    10.62    34.30       -10.80    11.02    33.84     0.764
  -25.45   -31.73   -38.43       -24.90   -29.58   -37.47     2.418
   23.58     0.07    13.57        25.46    -5.51    14.57     5.975
   19.57    17.83    35.10        20.61    18.47    35.31     1.242
   14.14    -5.50    41.24        14.27    -5.92    41.26     0.450
    8.78   -20.94    -8.97         9.89   -16.29    -8.58     4.789
  -20.51   -27.30   -10.52       -20.46   -26.72   -11.00     0.751
  -37.00   -20.03   -43.16       -35.47   -18.96   -41.63     2.409
   18.61     1.07    64.69        18.33     1.34    62.97     1.761
   11.56    -7.90    64.71        10.34    -5.94    63.37     2.669
   30.58     7.06     9.29        34.38     7.92    11.97     4.726
   29.00    19.76    -0.89        29.97    21.02    -0.96     1.591
   11.96   -13.19     3.79        11.96   -13.39     3.88     0.226
   13.51     9.27   -10.68        12.31    10.39   -13.04     2.876
   14.10    14.78     2.85         5.09    18.61    -2.21    11.015
   16.70    -6.06    25.20        16.72    -6.21    25.21     0.148
  -10.16    13.09    44.18        -6.95    13.13    43.07     3.395
   19.99    -0.96    24.98        21.81    -4.40    25.52     3.925
   17.52    14.57   -13.43        13.98    14.20   -14.92     3.854
   -5.54   -16.70    -4.01        -5.59   -15.99    -4.45     0.828
  -40.13   -20.29   -17.50       -39.68   -20.04   -17.73     0.564
   -3.92    -4.53    13.06        -6.83    -8.21    13.83     4.745
   17.95    -7.75    -8.94        23.33   -14.23    -6.26     8.839
    9.05   -10.33    13.79         8.94    -9.79    13.59     0.586
   -0.42    -7.93   -28.32         0.27    -7.78   -28.79     0.849
   23.99    25.83     7.88        23.32    24.05     7.42     1.960
   20.68    16.51    31.16        22.21    17.52    31.66     1.898
    9.57    24.79     9.91         9.29    25.80     9.96     1.048
   11.35    -6.09   -14.26        13.04   -11.27   -19.35     7.455
  -14.74   -32.64   -31.82       -15.14   -31.37   -31.52     1.369
  -19.99    14.96   -23.91       -20.06    11.95   -24.43     3.057
   -2.35   -27.76   -18.70        -4.98   -25.12   -19.94     3.921
    2.33    -7.23    19.17         2.87    -9.36    19.55     2.231
   15.23    27.35    30.73        14.43    22.53    31.05     4.899
  -40.31    -1.11   -40.47       -38.28    -2.05   -38.91     2.733
   -0.84    15.70    25.43        -0.16    23.79    26.27     8.156
   31.92    17.24    -8.33        32.83    18.00    -8.29     1.185
   20.85     3.23   -12.93        13.68     5.77   -17.53     8.896
   26.60     1.73     9.94        29.70    -3.32    14.70     7.599
  -31.94   -16.26   -51.58       -29.96   -16.16   -47.12     4.887
   26.87     8.02   -21.82        32.80     9.70   -24.40     6.681
   16.87    21.03    43.65        16.71    20.68    43.63     0.388
   31.68    11.72     4.92        35.24    14.85     6.66     5.049
    1.27   -16.35   -34.28        -0.14   -16.08   -33.88     1.483
   15.94    15.76    57.47        17.15    17.42    57.71     2.069
  -39.33   -24.12   -22.42       -38.62   -23.64   -22.52     0.867
   15.24    29.72    -1.94        15.59    27.23    -2.14     2.522
  -14.27    13.23   -19.28       -14.01    10.40   -20.55     3.116
   11.64    24.41    34.01        11.79    22.30    33.70     2.137
  -27.64   -33.75   -25.74       -26.99   -32.17   -25.70     1.714
   -1.92     6.68    48.64        -6.79     7.56    48.39     4.956
   25.53    25.17    -7.52        25.21    24.03    -7.60     1.188
  -17.12     9.88   -14.52       -17.00     7.94   -15.73     2.295
  -13.00    -6.49     0.88       -14.69    -7.85     2.02     2.448
   23.49    -0.12    13.40        25.33    -5.59    14.38     5.849
   22.99     2.86    25.20        26.77     1.44    26.58     4.270
   -5.28     0.72    15.26       -10.01    -0.91    16.96     5.282
   -1.67   -11.31     4.76        -1.71   -12.00     4.91     0.709
   21.36    -5.25    15.54        21.60    -6.32    15.74     1.111
  -39.21   -12.95   -46.12       -36.59   -12.52   -44.01     3.387
   14.97    29.86     8.05        14.67    26.56     7.45     3.373
   12.65    26.15    30.39        12.63    22.64    29.73     3.567
   15.45    13.99    -3.90        10.33    15.29   -10.32     8.310
   20.93     8.50    39.66        24.08     8.61    40.20     3.196
   -9.22    13.28    32.43       -11.02    11.71    34.23     2.987
   12.62     9.07    -7.13        11.21    11.69   -11.87     5.598
   -9.30   -25.93    -9.69       -10.53   -24.14   -12.18     3.306
  -15.34     7.45   -44.93       -16.31     5.23   -42.32     3.565
    1.26     8.81    57.51         1.26     9.09    63.37     5.870
   18.46    -2.00    29.17        19.46    -5.02    29.20     3.185
   28.36     3.68    11.95        32.65     3.58    15.24     5.406
    4.39    -6.33    20.85         4.78    -8.61    21.17     2.331
  -22.10    -3.69    -5.39       -21.85    -3.86    -5.74     0.463
    9.58    24.92     9.84         9.33    25.81     9.88     0.925
  -22.21    -3.60   -52.27       -20.99    -5.15   -48.35     4.392
    1.04    -1.55    25.79         2.30    -8.02    27.31     6.760
   15.05    24.30    37.33        14.46    21.91    37.45     2.471
   31.04    18.31     1.94        31.89    19.18     1.79     1.227
  -13.76   -30.57   -37.54       -14.18   -29.08   -36.79     1.720
   10.70    25.16     5.17        10.46    26.40     5.17     1.263
    1.06   -13.40   -28.36         1.01   -13.39   -28.34     0.061
   11.51    -9.85   -13.07        12.09   -14.90   -14.53     5.293
   22.82    12.35   -18.61        15.52    10.96   -20.06     7.576
  -39.33   -23.97   -22.00       -38.65   -23.50   -22.09     0.833
   12.31    21.52   -12.44        11.66    21.79   -12.71     0.757
    5.43    -7.41    17.30         5.96    -9.19    17.86     1.940
  -17.10   -17.42    -5.71       -17.11   -17.39    -5.77     0.065
   10.65   -13.54   -15.88        10.82   -14.48   -16.36     1.067
   28.75    17.84   -14.92        31.16    19.23   -15.23     2.803
    7.86   -12.92   -21.54         7.52   -12.58   -21.32     0.523
    6.76    -5.18    44.12         6.89    -6.82    44.09     1.647
  -21.72    14.76   -35.87       -20.92    10.97   -34.87     3.998
   17.45    22.98    38.84        16.92    21.35    38.68     1.713
   18.42    14.35    46.01        20.34    15.66    46.39     2.359
   29.71    12.82   -21.46        31.62    14.18   -22.52     2.571
   14.55    10.59    -6.76        12.03    12.69   -11.82     6.030
  -28.73   -23.42    -9.13       -28.69   -23.32    -9.31     0.210
    2.47    -3.00    47.96         1.98    -6.82    47.76     3.862
   22.97    20.82    20.51        22.73    20.57    20.45     0.348
   22.07    15.15    27.54        23.91    16.16    28.02     2.151
  -41.68   -16.24   -16.75       -40.96   -16.09   -17.08     0.811
   27.58     7.66    16.77        30.48     7.99    18.37     3.330
   31.82    15.82     2.21        33.61    17.53     2.39     2.473
  -37.42     7.31   -35.94       -34.98     4.79   -34.95     3.640
  -14.11   -25.06    -8.28       -14.13   -23.49    -9.74     2.149
   18.35    13.73    46.35        20.55    15.23    46.79     2.705
    3.82   -22.98    -6.62         2.83   -17.41    -9.33     6.274
   -0.79    -6.31    14.85        -0.85   -10.37    15.69     4.148
   20.21     6.90    63.83        19.78     7.29    62.39     1.555
    0.70     1.10    61.82         0.65     1.00    63.43     1.618
    8.17    -5.39    66.07         8.17    -5.41    63.41     2.658
    0.67     6.65    58.70         0.44     6.58    63.43     4.735
   -4.04     4.91    28.71        -8.12     4.24    29.56     4.223
    8.98    -6.33    49.62         9.11    -6.83    49.59     0.518
  -32.69   -17.69   -50.30       -29.96   -16.39   -47.11     4.395
  -39.87     0.12   -41.36       -37.46    -1.28   -39.50     3.350
   -2.12   -24.87    -7.22        -4.46   -19.97   -10.99     6.607
  -18.79   -33.40   -25.76       -18.91   -32.50   -25.83     0.913
  -10.64    10.75    44.18        -6.87    10.22    43.71     3.836
  -17.60   -14.73   -52.38       -18.09   -13.84   -48.77     3.751
  -31.36   -32.56   -29.46       -30.35   -30.62   -29.36     2.192
   20.98    21.27   -15.51        21.87    25.11   -15.68     3.949
   -5.16     6.56   -15.37        -5.29     8.36   -15.36     1.796
  -33.42   -15.06    -6.64       -33.15   -14.86    -7.92     1.328
   16.79     7.76    64.73        16.68     7.80    63.17     1.565
    4.15   -18.55   -29.67         0.40   -17.84   -28.37     4.031
   22.60     4.70   -15.35        16.30     6.56   -20.65     8.438
    2.17   -18.78    -5.71         1.77   -16.38    -6.92     2.720
   12.77    -7.73    56.04        12.35    -6.30    55.92     1.496
   19.03    28.99    17.54        17.51    23.98    16.53     5.328
  -34.19   -25.33   -14.03       -33.61   -24.65   -14.53     1.033
    2.95    16.63    21.74         3.20    23.72    22.74     7.163
    7.79   -18.43   -22.87         4.81   -15.49   -20.99     4.581
   12.42    22.37    46.25        12.60    21.76    46.18     0.638
   12.02    -8.28    61.36        11.33    -6.54    61.36     1.875
  -11.53   -30.17   -36.95       -12.16   -28.69   -36.20     1.776
  -10.62    14.93    40.50        -8.80    15.25    39.25     2.225
   16.31    -4.76    29.10        16.70    -5.93    29.11     1.237
    0.17     2.78    60.99         0.06     2.83    63.48     2.495
   21.24   -10.63    -2.70        22.06   -12.21    -1.64     2.068
   19.03    18.91    38.00        19.36    19.15    38.08     0.411
   30.97    19.31    -9.80        31.40    19.70    -9.81     0.581
   -5.24     7.07     0.25        -6.84     9.38    -0.20     2.852
  -16.00   -29.66   -14.18       -16.36   -28.61   -14.87     1.306
  -26.92     5.01   -10.36       -26.97     3.55   -13.62     3.575
    5.11    19.73    31.92         5.03    22.02    32.36     2.334
   16.85    -4.13    51.59        16.82    -4.09    51.59     0.054
   13.51    23.57    46.92        13.78    22.04    46.78     1.561
  -15.34     4.01    -5.88       -15.17     3.79    -5.97     0.285
   -7.08   -28.53   -18.59        -7.87   -27.16   -18.93     1.613
   20.78     9.45    35.70        24.39    10.76    36.38     3.899
    6.89    21.72    18.31         6.70    24.24    18.72     2.559
   16.43    12.72   -12.42        13.59    12.77   -13.68     3.109
   10.35   -10.79   -15.63        11.41   -13.36   -17.71     3.468
   -7.43   -17.98    -4.67        -7.35   -16.77    -5.68     1.578
   14.57    24.39    46.83        13.79    22.03    46.83     2.485
  -29.94   -33.37   -27.42       -29.04   -31.24   -27.27     2.319
   -8.43   -12.69    -0.30        -8.47   -12.95    -0.13     0.313
   21.24    -2.94    -9.59        28.34   -10.40    -8.32    10.375
   24.60     4.54   -17.04        17.68     3.23   -22.63     8.989
   18.32    28.86    -5.61        18.02    26.54    -5.27     2.369
   24.76    -4.92    -0.92        25.08   -10.02     1.03     5.466
   23.00    -6.50     6.61        23.40    -8.13     7.09     1.741
  -37.71    -0.13   -11.99       -36.39    -1.02   -13.27     2.044
   -0.14   -13.80   -32.46         0.13   -13.80   -32.47     0.263
  -39.60   -12.20   -10.04       -37.99   -12.00   -11.15     1.971
   -2.07     6.92    48.65        -6.75     7.78    48.42     4.765
    9.87   -10.98   -16.65        10.74   -13.10   -18.37     2.871
    7.29    -6.76    25.67         7.41    -7.39    25.72     0.647
    9.04   -16.53   -21.73         6.71   -14.12   -20.19     3.688
  -42.96   -13.26   -18.29       -42.27   -13.10   -18.51     0.737
  -31.67     7.33   -14.70       -30.87     6.50   -15.54     1.430
   20.28    15.00    34.55        22.11    16.25    34.95     2.252
  -23.37   -30.09   -11.75       -23.07   -28.13   -13.08     2.382
   -5.20     1.65    15.73       -10.10    -0.07    17.51     5.493
  -40.27    -7.37   -12.21       -39.35    -7.61   -12.82     1.130
   -2.20    14.03    24.89        -1.09    23.93    25.68     9.991
   -9.34     7.12    -4.23        -9.43     7.29    -4.24     0.201
  -14.22   -32.52   -28.16       -14.50   -31.67   -28.05     0.899
    0.84     7.90    58.45         0.83     8.14    63.42     4.974
   11.84    -6.20    42.03        11.84    -6.32    42.04     0.121
    3.41     3.12    66.10         3.26     3.07    63.54     2.566
   16.94    29.87     6.92        16.65    26.58     6.33     3.350
   -8.28    -3.47     8.56       -10.85    -5.17    10.09     3.436
  -29.80     9.49   -38.64       -28.95     7.25   -37.42     2.686
    1.19   -19.68    -6.73         0.74   -17.12    -8.03     2.906
    6.32     0.77   -16.50         7.13     3.11   -19.31     3.744
    1.09     0.81    50.64        -3.19    -4.43    50.47     6.766
  -10.91   -18.91   -47.43       -11.06   -19.37   -45.33     2.154
  -32.02   -13.98    -6.62       -31.83   -13.83    -6.99     0.447
   -6.87    12.74    31.07        -9.89     9.37    32.27     4.680
   17.61     0.97   -13.78        13.74     4.35   -18.43     6.927
   31.33     6.39     6.58        35.56     7.87    10.63     6.044
   25.66    17.14    14.10        27.13    18.33    15.18     2.183
  -34.41     6.80   -40.80       -32.29     4.79   -38.48     3.732
   17.29    -5.66    59.91        16.23    -3.84    59.79     2.106
    7.64    20.86    13.56         7.10    24.82    14.45     4.087
   15.27    -4.98    49.19        15.32    -5.11    49.20     0.139
   20.20    13.80    35.18        22.59    15.10    35.80     2.792
   -0.11    15.63    24.80         0.58    23.79    25.65     8.229
  -29.68   -28.44   -15.08       -29.48   -28.22   -15.24     0.336
  -15.74   -15.44    -4.25       -15.78   -15.21    -5.11     0.898
   -0.98     7.18    50.06        -6.64     8.53    50.23     5.817
   24.37     3.68    21.69        28.43     3.33    22.99     4.276
   20.20    -1.56    62.19        18.90    -0.60    61.12     1.946
   30.88    15.41   -10.04        33.16    17.58   -10.52     3.184
   24.54    21.94    14.11        24.43    21.76    14.04     0.228
   -3.31    17.40    48.74        -2.69    16.75    48.25     1.019
   -6.09   -24.98   -36.41        -6.43   -24.64   -36.16     0.538
   15.02    24.30    45.27        13.95    21.93    45.33     2.607
    8.80    16.77     9.73         3.91    22.97     7.51     8.211
  -18.54   -22.68   -50.11       -19.17   -21.31   -46.50     3.918
    0.41   -15.90   -34.83        -0.32   -15.88   -34.65     0.754
   10.77    27.51    12.05        10.94    25.68    11.57     1.901
    0.84    -0.78    31.00        -0.70    -7.24    31.75     6.683
   20.28     1.25    54.29        20.66     1.09    54.33     0.412
   20.65    24.04    26.53        19.36    21.64    26.05     2.762
  -18.89   -28.39   -43.24       -19.16   -26.75   -41.87     2.157
  -19.90    15.62   -25.41       -19.98    12.23   -26.01     3.451
    6.98   -18.35    -5.75         7.42   -16.01    -6.14     2.414
   20.18    26.96    -9.55        19.81    26.01    -9.48     1.024
   13.48    -5.77    46.10        13.56    -5.96    46.10     0.210
   13.80     4.30   -14.27        13.14     6.32   -16.40     3.005
  -34.60    -5.48   -50.48       -32.13    -7.11   -46.23     5.179
    2.83    13.92    51.16         1.48    18.57    51.97     4.917
   16.91    13.65    58.61        18.94    15.20    58.98     2.584
    1.47    -5.02    20.58         2.51    -9.14    21.30     4.313
  -23.99     3.79    -9.60       -22.77     1.70   -11.23     2.917
  -36.08     9.15   -32.40       -34.19     6.87   -31.57     3.080
   15.79    10.60   -12.85        13.29    11.41   -13.99     2.864
    8.38   -22.68   -11.94         7.31   -16.30   -11.95     6.471
   17.12    23.49    38.92        16.54    21.46    38.87     2.116
   -9.03   -30.25   -26.22        -9.35   -29.55   -26.32     0.773
   29.07     3.32     7.01        34.78     3.48    12.45     7.887
  -37.64   -24.92   -30.26       -37.55   -24.82   -30.25     0.136
   12.20     0.34    65.59        11.96     0.36    63.10     2.502
   -9.46     3.46   -37.64        -8.87     3.95   -38.11     0.902
   12.62    23.04    43.81        12.88    22.11    43.81     0.969
  -19.12     7.21   -11.19       -18.33     4.85   -12.24     2.699
  -11.18     8.47    42.68        -7.02     8.55    42.59     4.162
   -0.87    19.16    34.16        -0.64    21.91    34.79     2.837
  -15.36   -32.28   -36.61       -15.97   -30.23   -35.55     2.385
    7.41     2.23   -15.53         8.20     4.33   -17.86     3.232
   15.99    28.38    27.48        15.25    22.90    26.74     5.581
  -33.95    -8.32   -51.36       -31.99    -9.01   -46.83     4.987
   18.71   -11.65    -2.59        19.51   -13.46    -1.41     2.305
   17.71    29.83     1.48        17.09    27.04     1.24     2.873
    2.44    10.48    57.38         2.45    10.70    63.31     5.932
    0.38   -24.65    -6.32        -0.66   -18.04    -9.43     7.379
   11.06     4.80    67.89        11.12     4.60    62.96     4.942
    0.90    -1.26   -23.18         1.54    -0.82   -24.27     1.340
   23.91    23.43    14.92        23.26    22.26    14.48     1.413
    7.27    18.26    42.81         6.90    20.71    43.20     2.510
  -23.74   -25.38   -46.69       -22.95   -23.44   -44.40     3.097
   22.79    16.55    23.60        24.30    17.70    24.07     1.956
   15.82    29.83    15.55        15.05    24.81    14.47     5.187
  -41.99     2.32   -29.73       -40.33     1.19   -29.65     2.010
   12.41    -6.67    52.81        12.31    -6.27    52.84     0.419
   18.52   -12.69     2.07        18.24   -12.23     1.88     0.568
  -24.00    15.15   -33.61       -23.09    11.28   -32.31     4.180
   14.77   -10.35    14.34        14.37    -8.32    13.93     2.114
   20.68     1.80    56.96        20.69     1.80    56.96     0.006
   13.69    30.02    11.92        13.04    26.18    10.70     4.080
   21.46     6.33    35.57        24.88     6.53    36.21     3.477
   16.73    25.54    32.49        16.15    22.35    32.65     3.244
  -30.54   -22.83    -8.47       -30.33   -22.21    -9.07     0.884
   -0.24   -18.96   -34.64        -0.92   -18.86   -34.28     0.777
    0.81   -14.89   -32.74         0.08   -14.86   -32.70     0.730
   15.99    -5.49    53.90        15.53    -4.65    53.93     0.955
   22.25    27.49    11.23        21.00    24.20    10.50     3.600
   31.74    15.21    -7.71        33.74    16.88    -7.61     2.609
  -11.42   -29.23   -38.96       -12.18   -27.74   -37.99     1.934
   13.02     2.18    65.44        12.98     2.19    63.03     2.404
   -2.33    -7.40    10.21        -3.45   -10.44    10.65     3.268
  -28.95   -22.09   -48.80       -27.90   -20.53   -45.86     3.488
   15.68    12.68   -12.33        13.43    12.79   -13.33     2.459
   23.52     2.39    22.99        27.38     0.94    24.39     4.358
  -12.39     8.69    41.44        -7.27     8.96    40.70     5.176
    1.46   -10.21     7.77         1.16   -11.70     7.93     1.531
  -14.77   -25.74    -8.70       -15.02   -24.25   -10.48     2.338
   30.78    10.97   -15.20        34.93    12.23   -16.22     4.458
  -11.29   -30.26   -19.59       -11.73   -29.43   -19.82     0.964
   20.16   -10.12     7.69        19.86    -8.95     7.37     1.250
  -37.32     1.44   -13.78       -36.50     0.97   -14.62     1.264
   23.19    -6.54    -4.17        24.02   -11.45    -1.77     5.532
    0.57    -8.45    12.20         0.48   -10.93    12.53     2.508
   -2.35     7.77    12.12        -7.80    11.59     8.87     7.407
    9.50    24.44     9.85         9.14    25.76     9.92     1.364
   -2.38     7.43     6.91        -5.86    11.81     4.94     5.923
  -34.60     6.07   -15.52       -34.06     5.09   -16.04     1.238
   26.53    11.19   -21.15        30.67    14.09   -24.14     5.870
   -6.08   -18.84   -41.91        -6.29   -18.76   -41.73     0.290
    6.49    16.65    14.94         5.81    24.52    15.91     7.961
   31.11     6.99     8.29        34.71     8.10    11.43     4.906
  -30.57   -17.41   -51.35       -29.96   -16.39   -47.11     4.405
  -36.60    -2.90    -8.88       -34.30    -2.98   -10.33     2.724
  -25.37   -31.09   -15.02       -25.23   -30.18   -16.34     1.618
   26.02    17.83    12.38        27.66    19.14    13.59     2.418
    4.70   -21.48   -25.99         0.36   -19.72   -24.88     4.810
   16.54    -9.72    11.35        16.35    -8.79    11.05     1.003
  -32.64   -12.52    -7.14       -32.69   -12.51    -7.04     0.106
   15.26    10.14   -12.61        12.97    10.88   -13.66     2.633
   15.67    -3.82    45.39        16.08    -5.03    45.50     1.293
   14.85     9.57   -12.36        12.64    10.29   -13.37     2.536
   31.69    18.08    -8.40        32.33    18.61    -8.37     0.829
    0.70    -0.94    25.80        -0.11    -8.18    27.05     7.392
    1.52     9.92     4.96        -2.51    13.71     2.73     5.960
   30.19    20.37    -6.47        30.38    20.61    -6.46     0.301
    8.18    19.32    41.47         7.85    21.12    41.85     1.866
   20.22    10.20    44.55        23.06    10.80    44.87     2.924
    6.96    -7.32   -18.96         8.98    -7.35   -21.77     3.463
  -14.45   -25.00    -8.30       -14.47   -23.47    -9.72     2.084
    4.40    -1.13   -19.58         5.52    -0.09   -22.06     2.918
   -7.79   -22.73    -8.53        -8.46   -21.31   -10.14     2.255
