400 PA5-F-Debug-Output.txt6
   -0.0031    0.0004    0.0027    0.0029   -0.0020
    6.69    -7.53    48.03         6.63    -6.96    48.02     0.571
  -21.44   -24.00   -10.90       -21.74   -25.20    -9.58     1.800
  -35.30   -15.11   -46.68       -34.10   -14.68   -45.37     1.824
    1.58    26.27    17.74         1.64    24.10    17.68     2.169
   -5.72    26.54    32.26        -6.31    24.32    31.84     2.332
   -4.46   -23.81   -12.94        -5.51   -22.33   -13.87     2.043
   -0.17    22.38     8.80         0.64    21.48     9.32     1.318
  -10.95   -30.18   -28.19       -10.95   -30.17   -28.18     0.010
   28.77    15.01    18.63        28.04    14.61    18.27     0.904
    9.11   -14.05     4.56         9.27   -13.28     4.24     0.853
   -2.35    11.56    -2.65        -2.36    11.58    -2.66     0.021
   -4.42    13.47    54.62        -4.52    13.52    54.64     0.105
   25.43    -3.11    41.28        21.63    -0.88    40.96     4.419
  -12.52    -8.29     8.18       -11.11    -6.86     7.39     2.161
  -40.32   -19.57   -19.73       -40.63   -19.67   -19.66     0.335
  -19.18   -31.03   -17.95       -19.02   -31.38   -17.81     0.410
  -39.17   -22.33   -20.48       -39.13   -22.43   -20.32     0.192
  -19.82   -20.02    -8.75       -19.65   -20.86    -7.20     1.767
  -29.73     4.94   -42.10       -29.20     3.99   -41.09     1.486
   -5.82    12.40    48.57        -5.68    12.35    48.52     0.159
  -28.57     4.35   -16.15       -28.57     5.25   -14.41     1.967
  -27.29     5.16   -43.18       -26.92     4.14   -42.09     1.535
   13.16    25.89    36.06        13.27    22.21    35.84     3.686
  -29.82     8.60   -35.00       -29.52     8.13   -34.89     0.567
  -21.54    -0.83    -3.60       -19.88    -1.95    -4.70     2.285
   19.97     5.26    57.24        21.34     4.99    57.43     1.409
  -17.34     9.67   -36.37       -17.26    10.14   -36.51     0.497
  -28.48   -29.58   -18.84       -28.59   -29.91   -18.67     0.385
  -12.28    19.23    12.85       -10.17    18.59    15.69     3.591
  -24.15    -0.15   -48.29       -23.97    -0.68   -47.06     1.355
   26.43     2.60    49.80        22.23     3.25    49.48     4.267
  -15.48     9.30    13.49       -11.65     8.12    13.63     4.006
    6.98    21.54    -5.44         7.40    21.24    -5.20     0.570
  -15.00   -26.72   -15.52       -14.54   -27.82   -14.82     1.379
  -15.68   -26.68   -43.23       -15.93   -25.68   -42.05     1.567
  -12.88   -27.72   -40.66       -13.18   -26.82   -39.94     1.193
    3.90    25.95    29.14         3.51    23.08    28.52     2.956
   19.52   -12.94     1.13        19.23   -12.27     0.73     0.826
   -0.11   -19.47   -30.92        -0.48   -19.36   -30.85     0.391
  -29.77   -23.47   -12.31       -30.44   -24.42   -11.44     1.452
    5.44     1.73   -15.50         6.43     4.36   -18.42     4.056
   -3.07    -4.36    56.17        -3.19    -4.47    56.17     0.157
    8.75    26.46     4.00         8.91    26.07     4.01     0.426
  -10.27   -27.46   -37.32       -10.47   -27.19   -37.16     0.370
  -13.64   -31.34   -23.77       -13.66   -31.27   -23.78     0.072
   13.46    26.02    36.73        13.29    22.17    36.88     3.857
   -0.12    22.80     8.95         0.88    21.70     9.31     1.533
   14.72    -5.95    39.96        14.66    -5.78    39.98     0.177
  -32.62   -22.91   -13.62       -33.22   -23.77   -12.96     1.231
  -26.61   -14.25   -50.35       -26.30   -13.67   -48.05     2.390
   36.28     8.58    13.44        34.28     8.12    12.04     2.486
  -43.30   -12.74   -27.98       -42.57   -12.94   -27.46     0.916
  -30.74    -5.90   -10.84       -30.81    -5.02    -9.01     2.032
   33.08     7.22   -18.53        35.44     7.50   -19.39     2.527
   34.56    -2.03     7.09        35.93    -3.26     7.60     1.913
  -25.80     8.04   -18.93       -25.59     9.10   -17.50     1.784
   15.30    26.25    27.65        14.83    22.91    27.05     3.431
  -12.16     8.98     1.27       -10.47     7.04     1.16     2.574
  -31.18    -5.28   -48.93       -30.24    -5.83   -46.79     2.400
  -16.18    17.60    14.60       -13.88    16.77    17.90     4.108
   -4.74    10.67    -2.88        -4.56    10.33    -2.76     0.409
   23.67     2.52   -22.61        20.33     1.26   -25.18     4.397
   16.33   -13.67    -8.45        15.55   -17.39    -9.55     3.954
  -13.85   -24.29   -11.95       -13.49   -24.80   -11.21     0.966
  -27.51   -31.94   -32.99       -27.24   -31.27   -32.71     0.767
   29.04    17.89    14.69        28.51    17.46    14.28     0.801
    9.35    24.60    -3.36         9.44    24.47    -3.35     0.154
    5.68    25.67    32.39         5.82    22.25    31.49     3.534
   -3.81    -3.92    54.91        -3.73    -3.86    54.93     0.100
   -7.73   -12.65     5.01        -7.09   -11.18     4.20     1.800
  -14.25     5.63   -42.58       -14.52     5.01   -41.85     0.998
    7.86    25.05    36.26         8.13    21.65    35.66     3.458
   14.27     5.29    57.63        13.90     5.48    63.03     5.416
   -9.15     7.45   -14.76        -9.20     8.14   -14.74     0.690
   -9.43   -19.13    -5.79        -9.41   -17.98    -7.11     1.743
   17.26   -11.44     7.02        16.86   -10.66     6.63     0.953
  -31.56     0.43   -14.19       -31.83     1.26   -13.08     1.410
  -37.42     0.19   -38.60       -37.28     0.08   -38.51     0.203
   -2.61   -11.63    19.29        -2.38    -9.68    18.91     1.991
   38.73     8.90     7.35        38.34     8.81     7.07     0.491
   -4.01   -14.01     4.31        -4.11   -12.10     3.32     2.157
   15.28   -15.67    -2.48        15.16   -16.29    -2.43     0.626
  -19.27    17.77    21.52       -16.47    16.53    21.74     3.069
   29.79     4.23   -20.71        33.60     4.09   -23.37     4.643
   27.99     3.18    41.92        23.73     3.89    41.11     4.392
   28.89     1.90    37.47        24.46     2.56    36.08     4.688
   13.92    15.73   -26.22        12.93    15.22   -26.40     1.130
  -20.30   -20.73    -8.80       -20.03   -21.53    -7.55     1.505
  -18.70    17.13    20.54       -16.43    16.48    21.02     2.416
   -1.97    21.55    10.21        -1.40    20.54    10.62     1.229
  -13.10    11.52    21.95       -13.72    11.02    21.86     0.809
  -26.28   -23.11   -10.67       -26.54   -23.96    -9.16     1.752
   10.51    27.18    23.52        10.41    23.73    22.83     3.518
   27.96    20.31    -3.39        29.05    21.65    -3.43     1.721
   24.27    13.17    40.43        23.08    12.81    40.27     1.252
    4.41     5.73   -10.72         4.32     9.55   -13.09     4.502
  -38.49    -8.77   -40.59       -38.90    -8.67   -40.94     0.548
  -25.69    11.22   -29.39       -25.70    11.28   -29.40     0.063
   -3.94    -5.67    34.78        -3.64    -5.40    34.77     0.405
  -32.04   -19.01   -11.46       -33.40   -20.06    -9.99     2.259
   -2.05   -22.86   -13.88        -2.96   -20.91   -14.40     2.211
  -24.18   -28.23   -41.79       -24.17   -27.07   -40.69     1.598
   31.81    11.77   -15.67        34.43    13.09   -16.74     3.123
  -37.25   -14.65   -13.89       -38.65   -14.96   -12.84     1.775
   19.39    -9.97     8.15        19.14    -9.00     7.89     1.036
  -20.12   -21.75    -9.34       -19.87   -22.48    -8.20     1.377
   26.01     4.52    50.26        22.47     5.07    49.99     3.588
   24.22    13.71    37.98        23.23    13.16    37.88     1.140
   21.29    15.35    49.61        20.51    14.75    49.57     0.986
  -18.54    -0.88   -49.30       -18.48    -1.71   -47.19     2.263
    2.25    -7.57    35.52         2.27    -7.10    35.49     0.470
   -8.02     7.01    52.03        -7.00     6.77    52.00     1.048
  -34.33    -2.10   -45.47       -33.51    -2.78   -43.68     2.085
   29.52     9.63   -22.57        32.74    10.55   -23.97     3.639
   -7.30     1.24    34.08        -7.02     1.26    34.05     0.276
   -7.99   -23.24    -9.09        -8.59   -21.61   -10.45     2.200
   -6.77    -0.76    45.63        -5.84    -0.43    45.64     0.981
  -17.54    10.20   -33.89       -17.43    10.88   -34.07     0.715
   28.30    -2.37    30.38        24.68    -0.54    29.58     4.144
   25.45    -7.81   -17.14        28.24   -11.59   -18.34     4.849
  -14.37   -11.18   -49.40       -14.63   -11.25   -48.37     1.060
   -7.01   -27.85   -25.72        -7.02   -27.84   -25.72     0.008
    6.09    22.82    42.81         6.39    20.75    42.48     2.126
   15.46    27.56     8.60        15.35    26.33     8.38     1.251
   14.15    -5.99    27.04        14.18    -6.33    27.05     0.346
   10.03    -6.69    37.52         9.99    -6.44    37.52     0.248
    9.89    26.67     2.66        10.00    26.44     2.70     0.264
   -3.13    15.79     4.46        -2.38    15.08     4.85     1.105
  -24.34   -32.45   -34.23       -24.17   -31.50   -33.80     1.057
    5.73    13.68    -3.07         4.36    15.39    -4.65     2.706
   28.59    11.82   -21.90        31.21    13.67   -23.79     3.725
   27.46   -11.20   -16.50        27.99   -12.14   -16.65     1.084
   21.74    -2.54    57.57        19.42    -0.58    57.34     3.040
  -38.45   -17.91   -16.43       -39.58   -18.37   -15.93     1.326
    1.04    -7.08   -25.86         1.76    -6.96   -26.71     1.120
  -11.59     8.50   -24.19       -10.90     9.49   -24.42     1.227
   -7.74     3.42    37.58        -6.85     3.52    37.52     0.897
   36.33    12.33     2.59        37.19    12.92     2.54     1.048
    8.62   -16.13    -1.29         8.88   -15.38    -1.42     0.801
   18.31   -13.99    -7.60        19.00   -17.04    -7.32     3.141
   34.34    -3.39    11.99        33.78    -2.88    11.36     0.987
   12.42    25.79    37.15        13.00    22.13    37.24     3.705
  -37.29   -22.21   -17.78       -37.82   -22.64   -17.53     0.718
    7.20    -6.14   -18.89         8.86    -6.61   -21.88     3.452
   29.64     9.38   -22.55        32.83    10.29   -23.94     3.600
   33.15     5.01    22.85        29.28     5.41    21.30     4.182
  -12.02   -16.91   -47.81       -12.67   -16.44   -46.73     1.348
    4.29    10.60    -4.66         2.77    12.49    -6.40     2.982
  -36.80   -21.62   -16.86       -37.58   -22.09   -16.32     1.057
  -16.09    -7.12     4.76       -14.42    -6.53     3.54     2.155
    2.61    24.65    33.73         2.42    22.04    33.22     2.667
    5.69   -14.55     3.01         5.95   -13.29     2.52     1.376
  -10.47    -6.97    13.01        -9.15    -6.27    12.57     1.562
  -36.02   -19.33   -43.38       -35.00   -18.61   -42.35     1.614
  -17.12     3.63     9.36       -13.28     2.71     8.70     4.002
   32.12     8.57    22.81        28.98     8.24    21.44     3.439
  -11.13    29.93    23.38        -9.75    24.93    23.87     5.203
   35.02    -0.79    -3.74        36.43    -2.26    -3.61     2.038
   13.36    24.80   -12.17        13.72    24.21   -11.97     0.717
  -21.87   -33.07   -25.60       -21.89   -32.69   -25.61     0.385
   26.02     5.19    50.58        22.57     5.71    50.00     3.532
   -1.39    13.76    56.21        -2.67    15.37    56.25     2.060
   21.26   -11.94     1.68        20.95   -11.12     1.34     0.940
    2.16   -11.24   -26.77         2.01   -11.24   -26.63     0.202
   -7.58     7.66    54.88        -6.83     7.50    54.87     0.765
   -6.97    -0.41    49.05        -5.93    -0.06    49.03     1.102
  -18.20     8.05   -15.87       -18.17     7.88   -15.97     0.209
   29.21     9.99    29.36        26.57     9.38    28.64     2.803
  -34.12   -28.18   -34.88       -33.53   -27.28   -34.52     1.133
   24.68     0.13    53.77        21.05     1.62    53.18     3.965
  -37.91   -17.16   -40.33       -37.85   -17.13   -40.28     0.087
  -29.05   -28.90   -38.96       -28.59   -27.93   -38.36     1.228
   11.96     7.80   -10.97        11.58     9.28   -13.40     2.864
  -36.54   -22.69   -39.63       -35.65   -22.04   -39.04     1.249
  -12.06   -18.30    -6.04       -12.08   -17.65    -6.72     0.942
   -9.18    19.21    12.05        -7.76    18.80    13.95     2.410
    9.45     6.27    -8.41         9.41    10.11   -12.55     5.650
   26.65     1.29   -22.64        23.05    -1.06   -26.73     5.934
  -40.47   -17.36   -18.56       -40.98   -17.56   -18.32     0.597
  -35.92     6.01   -24.79       -36.33     5.94   -25.05     0.496
   30.11    -0.21    31.02        25.83     1.96    30.07     4.887
   26.93     1.43    45.54        22.80     2.66    44.69     4.394
   -2.67    24.34    35.81        -3.02    22.21    35.07     2.285
   25.96     4.28    51.38        22.30     4.91    50.84     3.761
    2.43   -21.14   -13.77         2.08   -18.70   -13.77     2.463
  -13.26   -25.44   -13.36       -12.79   -26.11   -12.97     0.907
   -2.97   -14.69     3.54        -3.07   -12.50     2.45     2.457
   34.99    -2.48    13.85        33.75    -1.37    12.78     1.977
  -20.08     7.33   -15.91       -20.04     7.26   -15.98     0.102
    9.92    25.09    37.09        10.45    21.73    37.18     3.403
    8.00    17.88   -13.49        11.06    18.80   -12.66     3.301
  -19.15   -20.98   -48.61       -19.44   -20.34   -46.91     1.841
  -20.26    20.94    18.25       -15.48    18.43    20.92     6.024
   22.11    -3.94    55.46        19.09    -1.18    55.28     4.095
   -5.09   -20.74    -6.63        -6.44   -18.28    -7.80     3.044
   25.91    -0.36    48.23        21.78     1.47    47.69     4.555
  -30.26   -27.23   -17.05       -30.75   -27.95   -16.49     1.039
    6.77    21.15    50.91         7.01    20.47    50.87     0.723
  -19.54   -28.99   -15.66       -19.38   -29.69   -15.24     0.833
  -12.30   -28.15   -19.24       -11.74   -29.22   -18.97     1.238
   -4.78    20.45    11.87        -4.33    19.91    12.63     1.031
   -7.75     2.67    48.65        -6.60     2.78    48.64     1.150
  -31.14   -30.69   -28.92       -30.89   -30.32   -28.87     0.443
  -26.65     1.38   -13.52       -26.63     1.65   -12.80     0.771
    0.90    18.85     4.04         1.39    18.57     4.41     0.670
    8.50    28.03    12.36         8.87    25.52    11.97     2.569
    8.33   -16.83    -4.11         8.52   -15.92    -4.46     0.989
  -23.52   -10.68    -5.55       -23.71   -10.70    -5.28     0.326
   10.74     0.06    57.69        11.27     0.01    63.16     5.500
   -5.12   -26.57   -27.99        -5.22   -26.44   -27.97     0.164
   30.56    17.20    -5.13        32.20    18.54    -4.98     2.122
   26.34     1.11    47.52        22.28     2.43    47.07     4.293
    1.90    24.13     8.79         2.63    22.96     9.45     1.526
   30.00    -0.82    30.49        25.66     1.38    29.53     4.967
   -2.78   -22.83   -34.10        -2.99   -22.57   -33.94     0.368
  -34.02     6.93   -34.25       -33.71     6.33   -34.02     0.707
    4.54   -19.89   -11.51         3.32   -17.84   -12.28     2.515
   -4.40    23.02    13.17        -3.82    21.36    14.28     2.084
  -38.35   -25.50   -28.51       -37.74   -24.93   -28.44     0.842
    7.20    18.93    -7.55         7.73    18.84    -7.25     0.615
  -17.67   -27.78   -42.74       -17.86   -26.62   -41.77     1.521
  -23.23   -30.63   -38.71       -22.99   -29.53   -37.84     1.423
   -4.90   -11.17   -42.84        -5.23   -11.15   -42.54     0.449
  -34.95     3.31   -40.15       -34.23     2.33   -39.42     1.421
  -40.84   -21.04   -29.03       -40.63   -20.90   -28.99     0.252
  -13.47   -28.16   -40.51       -13.79   -27.19   -39.73     1.285
   21.37    15.77    45.39        20.77    15.36    45.27     0.734
  -33.90     2.76   -41.64       -33.28     1.89   -40.67     1.440
   -0.74   -13.18    10.03        -0.55   -11.24     9.76     1.970
  -39.04   -12.63   -38.30       -39.64   -12.68   -38.43     0.613
   39.12     6.54    -0.74        40.00     6.83    -0.69     0.928
   16.96     0.65   -15.83        13.72     3.16   -19.28     5.359
   15.18    -6.01    40.75        15.08    -5.69    40.73     0.333
   -4.89    -2.76    55.90        -4.73    -2.65    55.90     0.192
   -0.73    26.31    30.66        -1.23    23.47    30.01     2.953
   27.55    17.36    17.43        27.17    17.09    17.26     0.504
   21.62    -5.36    43.70        19.44    -3.01    43.39     3.219
   31.74    -0.23    26.05        27.50     1.37    24.52     4.782
    1.45    24.02     9.78         2.22    22.86    10.07     1.417
   26.46    22.71     7.16        26.49    22.77     7.17     0.070
   -9.76    -6.83    14.57        -8.61    -6.23    14.30     1.326
   23.75   -11.73    -1.34        23.66   -11.43    -1.48     0.351
  -39.31     1.94   -31.04       -39.36     1.98   -31.05     0.063
    0.18    19.08    53.36         0.50    18.11    53.30     1.026
   14.84    12.77    56.47        18.73    15.76    56.64     4.910
    8.43    -7.80    51.97         8.36    -7.07    51.98     0.730
   36.34     5.19    16.07        33.50     5.18    14.04     3.490
  -24.03   -32.94   -31.79       -23.85   -32.31   -31.61     0.685
  -23.54    10.16   -37.41       -23.48     9.49   -36.85     0.867
   -2.40     7.49   -11.41        -2.46     9.05   -11.53     1.570
  -38.71   -23.66   -21.92       -38.58   -23.57   -21.93     0.159
  -25.58   -23.55   -11.05       -25.60   -24.81    -9.71     1.838
   34.62     4.61   -12.19        37.32     5.63   -13.52     3.176
   33.46     4.11    22.49        29.50     4.27    20.54     4.419
  -28.53   -25.62   -43.69       -28.02   -24.57   -42.66     1.555
   20.93    -5.53    47.39        18.58    -2.92    46.65     3.589
  -29.44   -13.60    -9.01       -29.84   -14.65    -6.74     2.530
    9.40    24.56    -4.05         9.52    24.44    -4.00     0.177
   15.76   -14.99    -4.62        15.87   -16.76    -4.03     1.874
  -34.54     8.19   -27.57       -34.23     7.74   -27.50     0.549
   -6.84    10.52    45.57        -6.60    10.49    45.54     0.242
  -24.46     8.21   -18.71       -24.30     9.01   -17.62     1.358
  -24.99    10.35   -35.92       -24.72     9.70   -35.67     0.751
  -43.03   -14.36   -29.96       -41.85   -14.73   -29.19     1.463
  -12.93    22.05    33.96       -12.39    21.25    33.40     1.113
   13.38    -5.92    28.16        13.42    -6.36    28.17     0.444
  -23.06     9.09   -20.01       -23.02    10.13   -18.57     1.775
  -23.91   -33.02   -24.50       -23.88   -32.71   -24.50     0.306
   30.46     3.91    32.27        26.02     4.23    31.14     4.594
    8.71    -0.05    57.82         8.93     0.41    63.25     5.459
  -34.33    -2.57   -45.74       -33.48    -3.28   -43.89     2.161
  -26.72   -31.89   -22.31       -26.74   -31.95   -22.29     0.067
   12.13    26.75     2.62        11.94    27.28     2.72     0.568
  -34.25     2.03   -42.20       -33.60     1.10   -41.18     1.525
   21.08   -10.90     4.00        20.81   -10.01     3.64     0.997
   26.38   -12.35    -7.51        26.30   -12.25    -7.51     0.126
   37.78     3.92     3.10        39.61     3.75     3.19     1.842
  -28.95    -3.36   -48.93       -28.06    -4.24   -47.25     2.091
   -5.85    -6.50    29.84        -5.04    -5.70    29.83     1.140
   30.31    15.88    15.40        29.54    15.46    14.78     1.072
   20.48    -6.62    18.88        20.40    -6.20    18.84     0.433
  -30.41   -31.29   -29.55       -30.16   -30.69   -29.44     0.670
   -9.23     7.98    29.94        -9.37     7.88    29.98     0.180
   17.91   -15.08    -2.78        17.95   -15.15    -2.73     0.092
   -6.84    -0.58    34.13        -6.71    -0.55    34.11     0.135
  -34.53    -8.72   -47.63       -33.64    -9.13   -46.13     1.789
   -0.88    -7.18    34.27        -0.83    -7.01    34.23     0.179
  -16.42     1.83     9.42       -13.51     1.61     8.31     3.117
  -38.49    -9.90   -41.05       -38.73    -9.92   -41.26     0.317
   36.28     8.51    -5.77        38.59     9.40    -6.23     2.512
   18.86     3.26    58.03        20.83     2.87    58.23     2.018
  -29.02   -17.06   -48.99       -28.97   -16.45   -47.12     1.973
   12.33    28.32    17.57        12.19    24.55    17.10     3.796
  -36.56   -14.68   -45.24       -35.73   -14.18   -44.23     1.400
   -8.16    29.05    22.22        -8.23    24.84    23.39     4.364
   21.05    -7.60   -14.72        20.39   -12.68   -18.98     6.666
    8.70    -6.81    35.69         8.68    -6.65    35.68     0.166
   -4.90    -0.49   -28.93        -3.76     0.19   -29.51     1.454
   -5.13    28.25    21.51        -5.47    24.58    22.23     3.760
  -12.78     8.92   -14.78       -12.46     7.84   -15.06     1.165
   16.07   -12.41     6.31        15.93   -11.33     5.75     1.227
    0.24    19.23     5.60         0.52    19.03     5.82     0.402
   -2.96   -12.30    15.52        -2.16   -10.32    15.29     2.150
   29.19     4.90    36.35        25.06     5.21    35.37     4.262
   30.59    13.25    17.68        29.64    13.00    17.14     1.118
   26.67    22.38     3.97        26.97    22.99     4.03     0.677
  -24.93   -26.16   -12.96       -24.99   -27.30   -12.15     1.402
   -4.02    -3.85    51.36        -3.82    -3.68    51.31     0.264
   -3.32   -15.41   -39.31        -3.12   -15.40   -39.52     0.288
   22.43    18.04   -21.25        25.11    20.78   -23.89     4.653
  -10.79    12.04    28.69       -12.21    10.43    29.16     2.203
  -15.05     7.53     5.05       -12.26     5.52     4.71     3.454
  -34.08    -1.23   -14.83       -34.11    -0.29   -12.49     2.518
   -4.06     2.56   -21.66        -3.13     4.79   -23.36     2.956
   27.73    22.02    10.51        27.32    21.39    10.24     0.798
    9.61     5.48    57.27         9.60     5.77    62.89     5.630
   14.94    -1.55   -15.90        13.69     1.64   -20.36     5.617
   30.49    19.15    10.42        30.21    18.94    10.21     0.412
  -10.21     3.41    25.00        -9.25     3.63    24.74     1.017
   22.04   -12.19     0.19        21.65   -11.54    -0.19     0.852
   33.91    -3.45    11.15        33.78    -3.33    11.00     0.230
  -31.73     8.96   -23.04       -31.81     9.09   -23.00     0.156
   33.46     8.47    18.14        31.30     8.26    16.88     2.510
   29.98    13.65   -17.89        32.80    15.14   -18.69     3.281
   19.78   -12.37     2.08        19.41   -11.67     1.75     0.854
   31.16    -4.55   -16.98        33.54    -6.25   -17.64     3.002
  -16.36   -29.66   -18.42       -16.17   -30.30   -18.15     0.719
   -8.28    -5.01    24.27        -7.38    -4.58    24.10     1.014
    4.66    -9.39    20.44         4.51    -8.81    20.34     0.607
  -24.94     5.21   -16.21       -24.99     6.08   -14.97     1.519
   26.52     4.96    47.93        22.86     5.68    47.48     3.758
  -18.17     3.72    -2.39       -16.48     2.11    -2.73     2.361
   -7.36    15.77    40.85        -7.29    15.75    40.82     0.082
   18.31   -12.48     3.77        17.86   -11.74     3.37     0.952
   13.08    28.23    16.63        13.01    24.83    15.87     3.483
  -31.99     3.63   -16.00       -32.76     4.58   -15.15     1.492
   -9.56   -25.28   -13.02        -9.80   -24.75   -13.37     0.668
   22.34    -4.36    48.87        19.79    -1.62    48.63     3.745
  -37.78   -13.81   -42.68       -37.42   -13.69   -42.46     0.439
   16.30    -7.17    53.64        15.04    -4.91    53.73     2.587
  -15.19    12.93    20.50       -14.88    13.16    20.66     0.413
   23.22    12.76    51.52        21.57    12.13    51.28     1.778
    3.40    19.59    54.75         3.59    18.98    54.70     0.638
   15.56   -15.35    -3.69        15.63   -16.54    -3.30     1.252
  -10.28   -21.07   -44.75       -10.40   -19.84   -44.76     1.229
    4.45    21.44     0.03         4.97    21.15     0.32     0.661
  -37.07   -15.87   -14.12       -38.48   -16.56   -13.18     1.838
   31.19    -6.07    11.76        30.92    -5.33    11.44     0.848
   30.20    -7.27   -16.69        31.69    -8.84   -16.96     2.181
    3.05    20.59     2.09         3.53    20.33     2.30     0.590
  -22.99   -10.58    -5.23       -23.14   -10.64    -4.90     0.363
  -37.06    -7.37   -43.08       -36.83    -7.46   -42.81     0.370
  -43.73    -7.77   -25.60       -44.03    -7.70   -25.67     0.318
   31.78     8.84   -20.82        34.02     9.48   -21.87     2.559
   30.91    18.82     6.94        31.30    19.26     6.99     0.590
    5.81   -15.25   -18.67         5.99   -15.45   -18.75     0.283
   15.82    -9.71    11.15        15.59    -9.03    10.85     0.778
   28.47    -2.73   -19.80        32.05    -5.61   -22.95     5.569
   13.97   -15.59    -1.08        14.04   -15.74    -0.97     0.193
   -4.02   -24.08   -33.10        -4.21   -23.84   -33.06     0.317
  -17.76    16.16    23.14       -16.49    16.36    23.19     1.278
   -3.99     0.03   -25.63        -2.18     0.79   -26.92     2.349
  -36.64   -23.31   -38.73       -35.78   -22.68   -38.15     1.216
  -14.53   -17.64   -48.72       -14.65   -17.24   -47.14     1.641
  -35.74     5.37   -21.83       -35.92     5.56   -21.75     0.271
   -9.28    12.07     3.94        -7.55    10.27     4.66     2.598
   18.04    18.03    47.16        18.18    18.18    47.22     0.218
  -37.53   -13.99   -43.24       -37.09   -13.84   -42.88     0.586
  -30.74    -9.44    -9.53       -31.56    -8.51    -7.47     2.410
   -2.39    -0.12   -23.90        -0.90     0.73   -25.35     2.243
   37.38     3.05     4.36        39.40     2.51     4.45     2.094
   32.14     9.81    20.81        29.70     9.52    19.56     2.754
    0.00   -12.90   -34.02        -0.23   -12.90   -33.93     0.253
  -33.98   -14.18   -48.60       -33.36   -13.59   -46.10     2.644
   -4.19    -9.28    22.97        -3.69    -8.49    22.77     0.951
    8.76    20.60    52.88         8.67    20.88    52.92     0.298
   23.85    11.98    49.52        22.15    11.37    49.28     1.818
   17.24   -15.41    -3.59        17.44   -15.82    -3.28     0.555
  -12.14    10.20    21.76       -12.68     9.77    21.68     0.702
   18.10    18.44    45.71        18.20    18.52    45.72     0.132
   13.19   -10.22   -14.42        13.06   -13.30   -16.95     3.993
   31.20    11.07   -19.16        34.10    12.03   -19.88     3.138
  -40.39    -6.90   -18.11       -41.68    -6.91   -17.11     1.637
    4.63   -19.59   -10.62         3.84   -17.33   -11.00     2.426
  -22.08   -32.42   -35.25       -21.94   -31.39   -34.79     1.137
  -39.81   -21.24   -32.97       -39.49   -21.06   -32.84     0.395
  -40.31   -12.67   -35.58       -39.84   -12.84   -35.67     0.504
   -0.31   -11.55   -36.34        -1.22   -11.65   -35.93     0.999
    9.11    -7.63    56.07         9.00    -7.06    56.08     0.589
   -5.56    -2.17    54.57        -5.17    -1.91    54.59     0.473
   -0.66   -13.53     8.99        -0.45   -11.40     8.70     2.159
   22.87   -11.58     1.27        22.55   -10.70     0.91     1.004
  -25.69   -28.64   -41.00       -25.49   -27.55   -39.89     1.572
  -16.97   -30.75   -20.04       -16.79   -31.19   -19.85     0.511
   -4.82   -26.43   -27.27        -4.91   -26.32   -27.25     0.147
   36.27     8.14    -6.65        38.56     9.02    -7.11     2.488
   -7.53     1.42    46.84        -6.50     1.52    46.85     1.041
    3.05    15.41    -1.26         2.70    15.77    -1.47     0.543
   -8.47   -26.36   -18.48        -7.99   -26.81   -18.15     0.739
   -7.12    -9.06    18.84        -5.95    -7.80    18.54     1.749
