150 PA5-B-Debug-Output.txt
    2.3612    2.3575    2.3593    2.3568    2.3598
    9.48     4.81   -26.59         7.57     0.92   -20.92     7.138
   24.50     9.39   -31.33        24.16     9.54   -30.68     0.749
    4.01    18.58    38.38         3.82    21.07    38.90     2.550
   31.39    23.35     3.90        29.79    21.05     3.83     2.802
  -29.33    -3.57   -42.71       -30.54    -2.38   -45.10     2.932
  -28.38   -32.11   -31.59       -27.98   -31.18   -31.42     1.030
   -9.54   -28.60   -19.35        -9.78   -28.16   -19.47     0.508
   14.84     3.92    46.84        21.64     0.99    47.74     7.463
  -26.95   -33.53   -27.59       -26.63   -32.07   -27.50     1.501
   -9.25     0.77    38.56        -6.55     1.19    38.44     2.741
    0.85    16.81    39.71        -0.12    20.27    40.35     3.656
    9.62    -2.76    27.30        10.18    -6.72    27.52     4.005
   -5.40    13.13    11.48        -6.70    14.41    10.55     2.048
   -1.76    12.89    50.87        -3.79    14.82    51.19     2.819
    8.20    25.60     1.87         8.53    25.19     1.98     0.543
   -3.12     1.30   -32.72        -4.97     0.21   -32.68     2.146
  -41.90   -20.95   -13.26       -38.80   -18.92   -15.38     4.269
   -2.28   -20.04   -27.42        -0.59   -20.48   -27.45     1.748
    9.04    15.06    68.70         8.98    15.13    63.37     5.330
  -14.56   -17.11    -5.43       -14.58   -16.95    -5.77     0.378
    9.81   -17.47    -9.65        10.11   -16.18    -9.52     1.332
  -38.19   -12.51   -42.63       -37.88   -12.53   -42.42     0.373
   26.55    -9.68   -10.91        27.92   -11.30   -10.44     2.163
   19.77    16.47    39.66        20.53    17.16    39.75     1.033
   27.14    21.06   -37.89        21.98    16.37   -29.71    10.746
   19.99   -18.37   -14.85        19.82   -16.58   -14.18     1.925
   13.71     3.33    50.77        18.78    -1.99    52.35     7.521
   22.45   -17.25    -8.08        21.61   -16.27    -8.24     1.299
    0.47   -12.55    -1.81         0.60   -13.72    -1.31     1.286
   37.23    18.80   -29.57        30.36    13.97   -24.57     9.770
  -16.63     6.71   -33.34       -15.04     9.96   -34.08     3.696
   -8.94    -1.06    54.71        -5.90     0.02    54.71     3.228
   -9.08   -15.22   -42.58        -7.99   -15.70   -43.91     1.785
  -13.65   -27.34   -12.39       -13.90   -26.36   -12.81     1.089
   39.68    12.91   -28.90        32.60    10.12   -24.48     8.808
  -36.15    -1.88    -7.93       -33.72    -2.31    -9.49     2.914
   -6.12     6.29    26.24        -9.12     5.02    26.89     3.325
   -0.10    16.97    36.67         0.19    21.17    37.53     4.288
  -15.39   -30.62   -17.26       -15.63   -29.81   -17.59     0.909
   16.22     8.61    45.89        23.09     8.55    47.21     6.989
   43.09     3.19     2.33        39.65     3.58     2.15     3.467
   41.62    10.02   -24.30        34.50     9.02   -21.02     7.907
  -17.64    -4.45   -44.47       -17.71    -4.06   -47.55     3.108
  -32.07   -13.51    -3.51       -30.78   -12.79    -6.15     3.028
  -23.93     2.16   -40.62       -24.69     4.23   -42.80     3.106
  -36.01   -11.91   -43.39       -36.69   -11.87   -43.93     0.869
    6.51    25.06     8.88         6.55    24.94     8.87     0.123
   40.68    15.77   -13.76        35.79    13.19   -12.93     5.591
  -13.77     9.29   -29.55       -13.32     9.96   -29.67     0.819
   -1.41    13.38    54.67        -2.93    15.28    55.06     2.460
   -1.34   -11.03     4.48        -1.39   -11.99     4.70     0.987
  -25.78   -30.14   -35.91       -25.77   -30.11   -35.89     0.041
   -4.69   -23.56   -33.97        -4.57   -23.71   -34.06     0.212
   13.90   -17.87    -5.29        13.88   -17.18    -5.45     0.703
   -3.40    22.07    14.67        -3.30    21.77    14.87     0.372
   -0.64    -1.12   -30.68        -2.52    -2.13   -29.43     2.470
   21.63    20.63    24.57        21.55    20.54    24.55     0.123
   -5.45    -9.44   -36.85        -2.06    -8.30   -37.58     3.649
  -44.93    -6.81   -11.72       -40.64    -8.04   -14.72     5.381
   17.46    23.35   -16.33        16.65    24.90   -16.51     1.757
  -18.32    -5.30    -2.73       -18.70    -5.49    -2.06     0.786
   -1.16    -7.48    40.35        -0.62    -6.17    40.31     1.417
   25.22   -15.36    -8.67        24.19   -14.16    -8.87     1.591
  -14.99     4.41   -14.81       -15.14     6.65   -13.60     2.549
    5.72    -1.04    63.32         5.72    -1.04    63.51     0.198
   23.15    19.99   -22.49        24.48    21.34   -23.79     2.299
  -42.09   -11.25    -7.15       -37.42   -10.75   -10.26     5.630
   19.14    16.18    41.08        20.31    17.22    41.22     1.574
   43.50     1.25    -2.21        40.39     3.32    -2.61     3.752
    8.39     1.06   -28.10         7.15    -1.58   -22.39     6.415
   13.19     5.49    64.89        13.34     5.41    63.14     1.749
   41.05    12.91    -5.42        37.91    11.26    -4.79     3.597
   -8.61     5.37    63.51        -7.06     5.66    62.15     2.080
  -24.43     9.48   -18.10       -24.42     9.53   -18.03     0.088
  -33.73   -10.50   -43.86       -34.98   -10.17   -45.32     1.947
   13.89    22.50    14.20        14.23    24.76    14.69     2.332
   35.65    20.02     4.32        33.24    17.72     4.09     3.343
   -7.51    -6.66    66.50        -4.06    -3.38    62.83     6.015
    5.05     5.63   -26.89         2.77     2.08   -22.10     6.384
  -44.64   -18.04   -21.04       -42.10   -17.04   -21.76     2.822
  -13.22   -12.49   -44.33       -12.38   -12.82   -47.30     3.105
   32.44    -5.00   -16.26        33.84    -6.15   -16.75     1.884
   42.33    -1.65   -12.63        38.79     0.29   -11.37     4.225
    0.98     2.65   -29.93        -2.63     1.12   -27.36     4.688
   38.76     2.49     8.36        38.51     2.54     8.17     0.323
   39.08    16.96    -3.31        35.93    14.24    -3.28     4.161
  -43.67   -19.53   -31.08       -40.83   -19.34   -30.32     2.951
   -9.33    -2.77    39.96        -5.75    -2.05    39.51     3.671
   22.29     3.95    18.12        29.19     3.69    21.28     7.597
  -43.31    -7.29    -8.02       -38.52    -8.20   -11.72     6.128
   -7.24   -21.54   -11.96        -7.15   -21.74   -11.85     0.250
   24.77    14.97   -29.06        24.56    14.77   -28.53     0.610
   -6.83    10.68    21.52       -11.63     8.54    22.65     5.376
  -30.65   -32.33   -19.48       -29.83   -30.06   -19.99     2.466
  -23.72   -33.38   -23.05       -23.64   -32.50   -23.24     0.903
  -45.54    -7.29   -37.87       -40.29    -7.46   -37.31     5.277
  -34.66   -29.35   -15.50       -32.68   -27.15   -16.77     3.227
    2.11    20.67     2.48         3.17    20.11     2.91     1.277
  -20.31   -32.54   -32.53       -20.33   -32.27   -32.47     0.273
   -4.30     9.01    13.72        -8.92    12.00    11.04     6.126
    4.59   -11.33   -25.33         4.12   -11.18   -24.69     0.805
    3.20   -13.80    -7.29         3.42   -15.88    -6.65     2.182
   14.86    13.71    50.80        18.73    16.94    51.33     5.064
  -22.10    -7.07    -4.03       -21.80    -7.15    -4.41     0.487
  -27.15     9.44   -17.34       -26.97     8.90   -17.65     0.650
   33.33     8.59   -38.44        29.09     8.87   -29.58     9.829
   10.01    13.28    69.11         9.90    13.26    63.33     5.782
   -7.06    -6.87    64.74        -4.01    -3.51    62.69     4.981
   14.06    -7.25     6.83        14.85   -10.27     8.01     3.339
   -7.01    11.44    28.50       -10.08     8.47    29.42     4.369
   17.21    11.70    43.02        21.63    14.34    44.02     5.241
   -3.18   -12.10   -33.93        -0.73   -11.71   -34.49     2.544
  -41.75   -18.22    -8.94       -37.59   -16.67   -12.12     5.455
   23.22    11.76    23.04        26.49    13.55    24.17     3.899
   32.41    21.37    10.51        30.47    19.62     9.15     2.950
   -1.92   -12.45    -4.46        -1.52   -14.77    -3.14     2.698
   -2.36     9.89    10.16        -5.35    13.21     7.26     5.326
  -23.05   -29.97   -13.05       -22.86   -28.64   -13.95     1.615
   40.28    -2.89   -12.80        37.66    -1.36   -11.87     3.176
  -36.63    -6.26    -5.16       -35.24    -8.23    -8.72     4.310
   35.26    25.03   -21.01        29.57    20.24   -19.32     7.629
   -7.30    -6.06    38.17        -4.92    -3.93    37.56     3.252
   -6.13     5.77    22.22        -9.89     4.67    23.26     4.054
   -5.95    -8.25   -40.48        -4.55    -7.92   -41.62     1.832
    9.16    23.25    17.67         9.07    24.40    17.82     1.158
  -30.16   -27.76   -37.80       -30.10   -27.62   -37.71     0.175
   -9.04   -26.00   -13.32        -9.59   -24.88   -14.00     1.418
    8.06    13.80   -14.62         9.35    11.17   -11.86     4.029
    6.51     9.70    67.83         6.33     9.72    63.43     4.402
  -17.64   -14.92    -3.89       -17.59   -14.61    -4.95     1.101
   15.64     6.74    47.79        22.72     5.34    48.68     7.273
   -5.59    15.01    27.05       -10.84     8.95    28.80     8.208
   43.23     4.53    -0.16        40.04     4.89    -0.56     3.238
  -10.30   -27.64   -32.72        -9.69   -28.55   -32.86     1.108
   40.75    -1.27   -22.57        35.20    -0.46   -20.83     5.874
   26.34    -7.40    10.44        26.31    -6.88    10.31     0.534
   -0.23    18.38     4.95         0.28    18.06     5.37     0.734
   15.65    24.66   -14.82        15.70    24.57   -14.81     0.102
   26.68    11.03    16.51        29.42    12.07    18.03     3.303
   -8.24     5.46    66.14        -5.84     5.65    63.11     3.876
   11.25    15.15    63.77        11.24    15.15    63.29     0.483
  -11.83     5.44   -36.21       -10.96     6.56   -36.86     1.561
   -8.75   -28.70   -25.73        -8.67   -28.81   -25.71     0.144
  -14.65     6.25   -33.42       -13.20     8.96   -34.16     3.160
   -4.48     3.33    67.29        -3.88     3.78    63.44     3.922
   43.80     2.60   -11.59        39.26     2.76   -10.18     4.752
  -32.49   -18.29   -44.21       -32.58   -18.33   -44.34     0.163
   34.37    25.80   -24.36        28.99    19.90   -20.71     8.779
  -34.45   -19.96    -5.13       -32.30   -19.08    -9.01     4.523
  -26.78     8.27   -30.67       -27.79    10.04   -31.13     2.085
