15 PA3-A-Debug-Output.txt
    2.13    -7.17    55.01         2.13    -7.17    55.01     0.000
   -6.69   -24.91   -17.07        -6.69   -24.91   -17.07     0.000
  -28.77   -31.04   -22.32       -28.77   -31.04   -22.32     0.000
  -29.66   -30.47   -21.75       -29.66   -30.47   -21.75     0.000
   12.07     0.36    63.09        12.07     0.36    63.09     0.000
   36.40     7.14   -17.20        36.40     7.14   -17.20     0.000
   -2.64     0.34   -27.83        -2.64     0.34   -27.83     0.000
   -3.11   -10.22    13.38        -3.11   -10.22    13.38     0.000
   31.32    10.50   -26.14        31.32    10.50   -26.14     0.000
   -7.64    -7.25    14.89        -7.64    -7.25    14.89     0.000
  -31.38   -23.87   -11.56       -31.38   -23.87   -11.56     0.000
   11.57   -15.40   -13.34        11.57   -15.40   -13.34     0.000
   37.89    11.35     6.45        37.89    11.35     6.45     0.000
  -15.76   -15.92   -47.70       -15.76   -15.92   -47.70     0.000
   23.17   -12.57   -20.73        23.17   -12.57   -20.73     0.000
