20 PA3-H-Unknown-Output.txt
    1.00    -6.63    11.15         1.00    -6.63    11.15     0.000
  -37.62   -15.70   -30.89       -37.62   -15.70   -30.89     0.000
    3.58   -12.82   -23.50         3.58   -12.82   -23.50     0.000
   34.94    19.80    -5.56        34.94    19.80    -5.56     0.000
   13.76    14.56    61.64        13.76    14.56    61.64     0.000
    1.26    28.23    17.63         1.26    28.23    17.63     0.000
  -24.17    -5.44    -6.43       -24.17    -5.44    -6.43     0.000
   24.87    17.42    39.63        24.87    17.42    39.63     0.000
    0.88     4.70    62.59         0.88     4.70    62.59     0.000
   -1.10     1.15   -28.54        -1.10     1.15   -28.54     0.000
  -40.92   -11.95   -23.70       -40.92   -11.95   -23.70     0.000
  -26.03   -28.54   -27.82       -26.03   -28.54   -27.82     0.000
   24.44    -9.91    -2.63        24.44    -9.91    -2.63     0.000
   21.10    25.31   -27.82        21.10    25.31   -27.82     0.000
   21.71     4.34    42.18        21.71     4.34    42.18     0.000
   18.69    -0.17   -23.19        18.69    -0.17   -23.19     0.000
  -38.39    -6.72   -12.67       -38.39    -6.72   -12.67     0.000
   10.72    17.47    62.07        10.72    17.47    62.07     0.000
  -19.75   -10.30   -49.29       -19.75   -10.30   -49.29     0.000
  -29.14     7.33   -13.60       -29.14     7.33   -13.60     0.000
