15 PA3-C-Debug-Output.txt
   -5.38   -33.60   -27.09        -5.38   -33.60   -27.09     0.000
  -12.18     9.56    27.23       -12.18     9.56    27.23     0.000
   11.45   -12.72   -25.51        11.45   -12.72   -25.51     0.000
   29.86    -6.73    24.13        29.86    -6.73    24.13     0.000
   -1.15   -24.09   -40.58        -1.15   -24.09   -40.58     0.000
   -7.77     2.03   -11.39        -7.77     2.03   -11.39     0.000
   -9.26     4.75   -32.78        -9.26     4.75   -32.78     0.000
   41.64    -4.90     1.56        41.64    -4.90     1.56     0.000
  -24.97    -2.63   -14.22       -24.97    -2.63   -14.22     0.000
  -27.43   -20.52    -8.61       -27.43   -20.52    -8.61     0.000
   27.64   -18.40   -16.85        27.64   -18.40   -16.85     0.000
   23.69    -9.76    54.31        23.69    -9.76    54.31     0.000
   -7.65     2.04    17.53        -7.65     2.04    17.53     0.000
    5.85   -11.64    61.20         5.85   -11.64    61.20     0.000
  -25.74    -4.80   -13.50       -25.74    -4.80   -13.50     0.000
