20 PA3-G-Unknown-Output.txt
   28.80    23.57    14.64        28.80    23.57    14.64     0.000
    8.52    -6.95    18.16         8.52    -6.95    18.16     0.000
   27.27    -3.56   -29.85        27.27    -3.56   -29.85     0.000
   26.69   -10.68    -3.14        26.69   -10.68    -3.14     0.000
  -38.56   -17.92   -18.79       -38.56   -17.92   -18.79     0.000
    9.53   -13.86    -6.88         9.53   -13.86    -6.88     0.000
  -29.62     8.49   -35.98       -29.62     8.49   -35.98     0.000
  -26.83    -3.69    -8.92       -26.83    -3.69    -8.92     0.000
   -0.94     6.66    60.94        -0.94     6.66    60.94     0.000
    7.95    16.63    52.16         7.95    16.63    52.16     0.000
  -29.81     7.35   -39.50       -29.81     7.35   -39.50     0.000
  -18.41    -7.59   -49.76       -18.41    -7.59   -49.76     0.000
   26.04    16.49   -31.05        26.04    16.49   -31.05     0.000
    0.64    -0.53    56.28         0.64    -0.53    56.28     0.000
    6.62    -5.73    46.59         6.62    -5.73    46.59     0.000
   -1.54     7.28    58.76        -1.54     7.28    58.76     0.000
   30.73    23.41   -16.36        30.73    23.41   -16.36     0.000
   19.10     5.74    60.74        19.10     5.74    60.74     0.000
    7.82    19.66    55.11         7.82    19.66    55.11     0.000
   32.87    -5.86     7.11        32.87    -5.86     7.11     0.000
