15 PA3-F-Debug-Output.txt
   30.73   -14.13    24.55        30.73   -14.13    24.55     0.000
   40.88     5.28   -23.79        40.88     5.28   -23.79     0.000
   30.62    11.07    24.61        30.62    11.07    24.61     0.000
    4.93   -24.15    -5.24         4.93   -24.15    -5.24     0.000
    3.24   -12.54    28.12         3.24   -12.54    28.12     0.000
    7.41     8.57     7.59         7.41     8.57     7.59     0.000
   15.00   -21.78    41.79        15.00   -21.78    41.79     0.000
   33.03   -15.10    44.03        33.03   -15.10    44.03     0.000
   12.28   -17.02    62.62        12.28   -17.02    62.62     0.000
  -24.15   -16.60    -7.00       -24.15   -16.60    -7.00     0.000
    4.49   -35.42   -26.06         4.49   -35.42   -26.06     0.000
    8.73   -29.88   -18.42         8.73   -29.88   -18.42     0.000
   15.11   -18.64    51.19        15.11   -18.64    51.19     0.000
   -2.41   -37.30   -15.48        -2.41   -37.30   -15.48     0.000
   26.96   -14.67    51.53        26.96   -14.67    51.53     0.000
