15 PA3-D-Debug-Output.txt
    6.25   -13.44    62.10         6.25   -13.44    62.10     0.000
   12.08     8.69    -4.12        12.08     8.69    -4.12     0.000
   -1.97    -6.56   -40.88        -1.97    -6.56   -40.88     0.000
   19.61    19.92    -0.92        19.61    19.92    -0.92     0.000
   44.81     3.31   -14.35        44.81     3.31   -14.35     0.000
   12.35    -1.20    62.57        12.35    -1.20    62.57     0.000
  -29.60    -5.81   -39.07       -29.60    -5.81   -39.07     0.000
   36.43    -9.70    22.93        36.43    -9.70    22.93     0.000
    3.14    -4.85    30.38         3.14    -4.85    30.38     0.000
    2.93   -25.25   -12.32         2.93   -25.25   -12.32     0.000
  -24.83   -36.66   -19.40       -24.83   -36.66   -19.40     0.000
  -31.59     0.10   -25.93       -31.59     0.10   -25.93     0.000
  -13.72   -32.25   -42.87       -13.72   -32.25   -42.87     0.000
   11.28    14.69    15.55        11.28    14.69    15.55     0.000
   34.87    -8.70   -29.07        34.87    -8.70   -29.07     0.000
