15 PA3-B-Debug-Output.txt
   24.98    -6.57    14.11        24.98    -6.57    14.11     0.000
    4.89    -8.94    35.99         4.89    -8.94    35.99     0.000
    2.01    -5.33   -27.64         2.01    -5.33   -27.64     0.000
  -31.65   -22.64   -47.54       -31.65   -22.64   -47.54     0.000
  -21.12   -27.14   -12.59       -21.12   -27.14   -12.59     0.000
  -25.18   -33.17   -21.20       -25.18   -33.17   -21.20     0.000
   20.81    23.10   -18.98        20.81    23.10   -18.98     0.000
  -40.91   -15.47   -35.57       -40.91   -15.47   -35.57     0.000
  -17.24   -19.19    -8.73       -17.24   -19.19    -8.73     0.000
   33.52     9.24   -22.23        33.52     9.24   -22.23     0.000
   13.54    23.65   -11.55        13.54    23.65   -11.55     0.000
    7.60    23.83     4.60         7.60    23.83     4.60     0.000
   -9.53   -30.72   -27.81        -9.53   -30.72   -27.81     0.000
    9.51     7.01    60.10         9.51     7.01    60.10     0.000
   -7.44     9.20    43.44        -7.44     9.20    43.44     0.000
