20 PA3-J-Unknown-Output.txt
   31.37    14.46    53.24        31.37    14.46    53.24     0.000
   20.72    28.34     5.02        20.72    28.34     5.02     0.000
  -32.96    -9.18   -12.11       -32.96    -9.18   -12.11     0.000
   18.16    22.64    -4.88        18.16    22.64    -4.88     0.000
  -29.24    -5.49   -42.30       -29.24    -5.49   -42.30     0.000
  -25.86     7.23   -13.02       -25.86     7.23   -13.02     0.000
  -30.81     6.61   -34.28       -30.81     6.61   -34.28     0.000
   15.15    15.78    61.56        15.15    15.78    61.56     0.000
    2.30     4.03    32.27         2.30     4.03    32.27     0.000
    1.36    22.87    35.22         1.36    22.87    35.22     0.000
  -31.80   -17.62   -15.99       -31.80   -17.62   -15.99     0.000
   30.72    -8.97     2.41        30.72    -8.97     2.41     0.000
  -35.67     0.12   -21.16       -35.67     0.12   -21.16     0.000
   20.98    27.93    17.00        20.98    27.93    17.00     0.000
   31.81   -11.05    -7.62        31.81   -11.05    -7.62     0.000
   44.28    -0.54     6.64        44.28    -0.54     6.64     0.000
   -0.62   -19.55   -37.16        -0.62   -19.55   -37.16     0.000
   43.42    -2.43     6.92        43.42    -2.43     6.92     0.000
   -9.01   -25.85   -13.66        -9.01   -25.85   -13.66     0.000
   -1.07   -16.66   -41.94        -1.07   -16.66   -41.94     0.000
